1 0.12266666666666666 0.9285714285714286 0.11733333333333333 0.054187192118226604
2 0.11866666666666667 0.9291871921182266 0.056 0.01847290640394089
0 0.5013333333333333 0.9285714285714286 0.3413333333333333 0.054187192118226604
1 0.424 0.9304187192118226 0.032 0.020935960591133004
2 0.392 0.9267241379310345 0.032 0.020935960591133004
0 0.5493333333333333 0.9285714285714286 0.128 0.014778325123152709
1 0.8773333333333333 0.9285714285714286 0.11733333333333333 0.054187192118226604
2 0.8773333333333333 0.9285714285714286 0.05333333333333334 0.024630541871921183
1 0.12266666666666666 0.7881773399014779 0.11733333333333333 0.054187192118226604
2 0.12266666666666666 0.7881773399014779 0.042666666666666665 0.014778325123152709
1 0.26666666666666666 0.8078817733990148 0.042666666666666665 0.019704433497536946
2 0.26666666666666666 0.8072660098522167 0.016 0.006157635467980296
0 0.39866666666666667 0.8091133004926109 0.17333333333333334 0.017241379310344827
1 0.5573333333333333 0.8078817733990148 0.042666666666666665 0.019704433497536946
2 0.5573333333333333 0.8084975369458128 0.016 0.006157635467980296
0 0.688 0.8091133004926109 0.176 0.017241379310344827
0 0.32 0.7746305418719212 0.144 0.014778325123152709
0 0.6226666666666667 0.6834975369458128 0.7546666666666667 0.10591133004926108
0 0.5906666666666667 0.6736453201970444 0.7226666666666667 0.024630541871921183
1 0.12266666666666666 0.6576354679802956 0.11733333333333333 0.054187192118226604
2 0.12266666666666666 0.6576354679802956 0.042666666666666665 0.014778325123152709
0 0.368 0.645320197044335 0.24 0.017241379310344827
0 0.30666666666666664 0.7001231527093597 0.12266666666666666 0.013546798029556651
0 0.43466666666666665 0.7001231527093597 0.13866666666666666 0.013546798029556651
0 0.856 0.645320197044335 0.15466666666666667 0.017241379310344827
0 0.6226666666666667 0.5357142857142857 0.7546666666666667 0.14039408866995073
1 0.12266666666666666 0.49261083743842365 0.11733333333333333 0.054187192118226604
2 0.12266666666666666 0.49261083743842365 0.042666666666666665 0.019704433497536946
0 0.2826666666666667 0.479064039408867 0.07466666666666667 0.014778325123152709
0 0.30933333333333335 0.5671182266009852 0.128 0.011083743842364532
0 0.756 0.5677339901477833 0.17333333333333334 0.012315270935960592
0 0.88 0.5671182266009852 0.064 0.011083743842364532
0 0.5906666666666667 0.5246305418719212 0.6906666666666667 0.04433497536945813
0 0.25466666666666665 0.5252463054187192 0.018666666666666668 0.04310344827586207
0 0.26266666666666666 0.5326354679802956 0.029333333333333333 0.02832512315270936
0 0.276 0.5295566502463054 0.029333333333333333 0.034482758620689655
0 0.28933333333333333 0.5338669950738916 0.029333333333333333 0.02586206896551724
0 0.30266666666666664 0.5295566502463054 0.029333333333333333 0.034482758620689655
0 0.316 0.5344827586206896 0.029333333333333333 0.024630541871921183
0 0.3293333333333333 0.5332512315270936 0.029333333333333333 0.027093596059113302
0 0.3426666666666667 0.5400246305418719 0.029333333333333333 0.013546798029556651
0 0.356 0.5381773399014779 0.029333333333333333 0.017241379310344827
0 0.36933333333333335 0.5406403940886699 0.029333333333333333 0.012315270935960592
0 0.38266666666666665 0.5406403940886699 0.029333333333333333 0.012315270935960592
0 0.396 0.5357142857142857 0.029333333333333333 0.022167487684729065
0 0.4093333333333333 0.5394088669950738 0.029333333333333333 0.014778325123152709
0 0.4226666666666667 0.5307881773399015 0.029333333333333333 0.03201970443349754
0 0.436 0.5350985221674877 0.029333333333333333 0.023399014778325122
0 0.4493333333333333 0.5394088669950738 0.029333333333333333 0.014778325123152709
0 0.46266666666666667 0.541256157635468 0.029333333333333333 0.011083743842364532
0 0.5293333333333333 0.5394088669950738 0.029333333333333333 0.014778325123152709
0 0.5426666666666666 0.5375615763546798 0.029333333333333333 0.01847290640394089
0 0.556 0.5394088669950738 0.029333333333333333 0.014778325123152709
0 0.5693333333333334 0.5357142857142857 0.029333333333333333 0.022167487684729065
0 0.5826666666666667 0.5307881773399015 0.029333333333333333 0.03201970443349754
0 0.596 0.5375615763546798 0.029333333333333333 0.01847290640394089
0 0.6093333333333333 0.5406403940886699 0.029333333333333333 0.012315270935960592
0 0.6226666666666667 0.5357142857142857 0.029333333333333333 0.022167487684729065
0 0.636 0.5394088669950738 0.029333333333333333 0.014778325123152709
0 0.6493333333333333 0.5363300492610837 0.029333333333333333 0.020935960591133004
0 0.6626666666666666 0.5394088669950738 0.029333333333333333 0.014778325123152709
0 0.676 0.5375615763546798 0.029333333333333333 0.01847290640394089
0 0.6893333333333334 0.5350985221674877 0.029333333333333333 0.023399014778325122
0 0.7026666666666667 0.5381773399014779 0.029333333333333333 0.017241379310344827
0 0.716 0.5400246305418719 0.029333333333333333 0.013546798029556651
0 0.7293333333333333 0.5394088669950738 0.029333333333333333 0.014778325123152709
0 0.7426666666666667 0.5381773399014779 0.029333333333333333 0.017241379310344827
0 0.756 0.5375615763546798 0.029333333333333333 0.01847290640394089
0 0.7693333333333333 0.5394088669950738 0.029333333333333333 0.014778325123152709
0 0.7826666666666666 0.5375615763546798 0.029333333333333333 0.01847290640394089
0 0.796 0.5363300492610837 0.029333333333333333 0.020935960591133004
0 0.8093333333333333 0.5406403940886699 0.029333333333333333 0.012315270935960592
0 0.8226666666666667 0.5381773399014779 0.029333333333333333 0.017241379310344827
0 0.836 0.5406403940886699 0.029333333333333333 0.012315270935960592
0 0.8493333333333334 0.5400246305418719 0.029333333333333333 0.013546798029556651
0 0.8626666666666667 0.5387931034482759 0.029333333333333333 0.01600985221674877
0 0.876 0.5369458128078818 0.029333333333333333 0.019704433497536946
0 0.8893333333333333 0.5350985221674877 0.029333333333333333 0.023399014778325122
0 0.9026666666666666 0.5332512315270936 0.029333333333333333 0.027093596059113302
0 0.916 0.5289408866995073 0.029333333333333333 0.03571428571428571
0 0.9253333333333333 0.5381773399014779 0.021333333333333333 0.017241379310344827
0 -0.444 0.5246305418719212 0.050666666666666665 0.054187192118226604
0 -0.43066666666666664 0.5320197044334976 0.050666666666666665 0.03940886699507389
0 -0.41733333333333333 0.5289408866995073 0.050666666666666665 0.04556650246305419
0 -0.404 0.5332512315270936 0.050666666666666665 0.03694581280788178
0 -0.39066666666666666 0.5289408866995073 0.050666666666666665 0.04556650246305419
0 -0.37733333333333335 0.5338669950738916 0.050666666666666665 0.03571428571428571
0 -0.364 0.5326354679802956 0.050666666666666665 0.038177339901477834
0 -0.3506666666666667 0.5394088669950738 0.050666666666666665 0.024630541871921183
0 -0.3373333333333333 0.5375615763546798 0.050666666666666665 0.02832512315270936
0 -0.324 0.5400246305418719 0.050666666666666665 0.023399014778325122
0 -0.31066666666666665 0.5400246305418719 0.050666666666666665 0.023399014778325122
0 -0.29733333333333334 0.5350985221674877 0.050666666666666665 0.0332512315270936
0 -0.284 0.5387931034482759 0.050666666666666665 0.02586206896551724
0 -0.27066666666666667 0.5301724137931034 0.050666666666666665 0.04310344827586207
0 -0.25733333333333336 0.5344827586206896 0.050666666666666665 0.034482758620689655
0 -0.244 0.5387931034482759 0.050666666666666665 0.02586206896551724
0 -0.23066666666666666 0.5406403940886699 0.050666666666666665 0.022167487684729065
0 -0.164 0.5387931034482759 0.050666666666666665 0.02586206896551724
0 -0.15066666666666667 0.5369458128078818 0.050666666666666665 0.029556650246305417
0 -0.13733333333333334 0.5387931034482759 0.050666666666666665 0.02586206896551724
0 -0.124 0.5350985221674877 0.050666666666666665 0.0332512315270936
0 -0.11066666666666666 0.5301724137931034 0.050666666666666665 0.04310344827586207
0 -0.09733333333333333 0.5369458128078818 0.050666666666666665 0.029556650246305417
0 -0.084 0.5400246305418719 0.050666666666666665 0.023399014778325122
0 -0.07066666666666667 0.5350985221674877 0.050666666666666665 0.0332512315270936
0 -0.05733333333333333 0.5387931034482759 0.050666666666666665 0.02586206896551724
0 -0.044 0.5357142857142857 0.050666666666666665 0.03201970443349754
0 -0.030666666666666665 0.5387931034482759 0.050666666666666665 0.02586206896551724
0 -0.017333333333333333 0.5369458128078818 0.050666666666666665 0.029556650246305417
0 -0.004 0.5344827586206896 0.050666666666666665 0.034482758620689655
0 0.009333333333333334 0.5375615763546798 0.050666666666666665 0.02832512315270936
0 0.02266666666666667 0.5394088669950738 0.050666666666666665 0.024630541871921183
0 0.036 0.5387931034482759 0.050666666666666665 0.02586206896551724
0 0.04933333333333333 0.5375615763546798 0.050666666666666665 0.02832512315270936
0 0.06266666666666666 0.5369458128078818 0.050666666666666665 0.029556650246305417
0 0.076 0.5387931034482759 0.050666666666666665 0.02586206896551724
0 0.08933333333333333 0.5369458128078818 0.050666666666666665 0.029556650246305417
0 0.10266666666666667 0.5357142857142857 0.050666666666666665 0.03201970443349754
0 0.116 0.5400246305418719 0.050666666666666665 0.023399014778325122
0 0.12933333333333333 0.5375615763546798 0.050666666666666665 0.02832512315270936
0 0.14266666666666666 0.5400246305418719 0.050666666666666665 0.023399014778325122
0 0.156 0.5394088669950738 0.050666666666666665 0.024630541871921183
0 0.16933333333333334 0.5381773399014779 0.050666666666666665 0.027093596059113302
0 0.18266666666666667 0.5363300492610837 0.050666666666666665 0.03078817733990148
0 0.196 0.5344827586206896 0.050666666666666665 0.034482758620689655
0 0.20933333333333334 0.5326354679802956 0.050666666666666665 0.038177339901477834
0 0.22266666666666668 0.5283251231527094 0.050666666666666665 0.046798029556650245
0 0.248 0.5387931034482759 0.005333333333333333 0.01600985221674877
0 0.7626666666666667 0.4802955665024631 0.3413333333333333 0.017241379310344827
0 0.6226666666666667 0.3879310344827586 0.7546666666666667 0.10591133004926108
0 0.5906666666666667 0.3768472906403941 0.6906666666666667 0.009852216748768473
1 0.12266666666666666 0.3620689655172414 0.11733333333333333 0.054187192118226604
2 0.12266666666666666 0.3620689655172414 0.042666666666666665 0.019704433497536946
0 0.5826666666666667 0.37807881773399016 0.7066666666666667 0.024630541871921183
0 0.31733333333333336 0.3503694581280788 0.13866666666666666 0.01600985221674877
0 0.3293333333333333 0.4020935960591133 0.168 0.011083743842364532
0 0.5826666666666667 0.4020935960591133 0.184 0.011083743842364532
0 0.8373333333333334 0.4020935960591133 0.176 0.011083743842364532
0 0.6226666666666667 0.30972906403940886 0.7546666666666667 0.0012315270935960591
0 0.4053333333333333 0.28078817733990147 0.32 0.009852216748768473
0 0.33066666666666666 0.28201970443349755 0.20266666666666666 0.024630541871921183
0 0.37733333333333335 0.23275862068965517 0.25866666666666666 0.014778325123152709
0 0.356 0.25738916256157635 0.22133333333333333 0.012315270935960592
0 0.776 0.28078817733990147 0.32 0.009852216748768473
0 0.7426666666666667 0.28201970443349755 0.2853333333333333 0.024630541871921183
0 0.6613333333333333 0.23275862068965517 0.09066666666666667 0.014778325123152709
0 0.7266666666666667 0.25738916256157635 0.22133333333333333 0.012315270935960592
1 0.12266666666666666 0.19950738916256158 0.11733333333333333 0.054187192118226604
2 0.12266666666666666 0.19950738916256158 0.042666666666666665 0.017241379310344827
0 0.312 0.18719211822660098 0.13333333333333333 0.017241379310344827
0 0.4786666666666667 0.08374384236453201 0.44 0.022167487684729065
0 0.7253333333333334 0.08251231527093596 0.02666666666666667 0.007389162561576354
0 0.52 0.11145320197044335 0.096 0.013546798029556651
0 0.44533333333333336 0.11083743842364532 0.021333333333333333 0.009852216748768473