0 0.5 0.047976011994003 1.0 0.095952023988006
0 0.5 0.09557721139430285 1.0 0.0007496251874062968
0 0.9173333333333333 0.06334332833583209 0.08266666666666667 0.023238380809595203
0 0.5006666666666667 0.060719640179910044 0.19333333333333333 0.03298350824587706
0 0.050666666666666665 0.06296851574212893 0.02666666666666667 0.025487256371814093
0 0.116 0.0603448275862069 0.08533333333333333 0.02923538230884558
1 0.02266666666666667 0.015367316341829085 0.016 0.009745127436281859
2 0.04133333333333333 0.015367316341829085 0.016 0.009745127436281859
2 0.06 0.015367316341829085 0.016 0.009745127436281859
0 0.07866666666666666 0.015367316341829085 0.016 0.009745127436281859
0 0.07866666666666666 0.015367316341829085 0.016 0.009745127436281859
0 0.09733333333333333 0.015367316341829085 0.016 0.009745127436281859
0 0.09733333333333333 0.015367316341829085 0.016 0.009745127436281859
1 0.13333333333333333 0.014992503748125937 0.032 0.014992503748125937
2 0.13333333333333333 0.014992503748125937 0.032 0.014992503748125937
2 0.13333333333333333 0.014992503748125937 0.032 0.014992503748125937
0 0.5 0.015742128935532233 0.10933333333333334 0.013493253373313344
0 0.9506666666666667 0.015367316341829085 0.06133333333333333 0.015742128935532233
0 0.9506666666666667 0.015367316341829085 0.06133333333333333 0.015742128935532233
0 0.9546666666666667 0.015367316341829085 0.064 0.012743628185907047
0 0.9546666666666667 0.015367316341829085 0.064 0.012743628185907047
0 0.878 0.015742128935532233 0.05733333333333333 0.013493253373313344
1 0.822 0.015367316341829085 0.02266666666666667 0.021739130434782608
2 0.822 0.015367316341829085 0.02266666666666667 0.021739130434782608
2 0.822 0.015367316341829085 0.02266666666666667 0.021739130434782608
0 0.5 0.2908545727136432 1.0 0.38980509745127434
0 0.49866666666666665 0.3339580209895052 0.192 0.08470764617691154
0 0.49933333333333335 0.3699400299850075 0.7266666666666667 0.024737631184407798
0 0.5 0.5232383808095952 1.0 0.07496251874062969
0 0.5 0.5982008995502249 1.0 0.07496251874062969
0 0.5 0.56071964017991 0.9226666666666666 0.0014992503748125937
0 0.12733333333333333 0.5236131934032984 0.172 0.023238380809595203
0 0.126 0.598575712143928 0.16666666666666666 0.023238380809595203
0 0.8586666666666667 0.525487256371814 0.2 0.022488755622188907
0 0.7873333333333333 0.6150674662668666 0.3426666666666667 0.05172413793103448
1 0.5226666666666666 0.5982008995502249 0.05333333333333334 0.029985007496251874
0 0.526 0.5982008995502249 0.04666666666666667 0.019490254872563718
0 0.526 0.5982008995502249 0.04666666666666667 0.019490254872563718
1 0.5 0.20089955022488756 0.18666666666666668 0.10494752623688156
2 0.466 0.2128935532233883 0.044 0.0239880059970015
2 0.5146666666666667 0.20314842578710646 0.07733333333333334 0.043478260869565216
0 0.5 0.7856071964017991 1.0 0.239880059970015
0 0.5 0.6979010494752623 0.47733333333333333 0.020989505247376312
0 0.5 0.8680659670164917 0.3466666666666667 0.044977511244377814
0 0.5 0.8680659670164917 0.14666666666666667 0.019490254872563718
0 0.18666666666666668 0.7736131934032984 0.29333333333333333 0.09895052473763119
0 0.18666666666666668 0.7736131934032984 0.29333333333333333 0.09895052473763119
0 0.18666666666666668 0.7736131934032984 0.29333333333333333 0.09895052473763119
0 0.17066666666666666 0.7736131934032984 0.24 0.08545727136431784
0 0.17066666666666666 0.7736131934032984 0.24 0.08545727136431784
0 0.17066666666666666 0.7736131934032984 0.24 0.08545727136431784
0 0.17066666666666666 0.7736131934032984 0.24 0.08545727136431784
0 0.17066666666666666 0.7736131934032984 0.24 0.08545727136431784
0 0.17066666666666666 0.7736131934032984 0.24 0.08545727136431784
0 0.17066666666666666 0.7736131934032984 0.24 0.08545727136431784
0 0.17066666666666666 0.7736131934032984 0.24 0.08545727136431784
0 0.17066666666666666 0.7736131934032984 0.24 0.08545727136431784
0 0.17066666666666666 0.7736131934032984 0.24 0.08545727136431784
0 0.17066666666666666 0.7736131934032984 0.24 0.08545727136431784
0 0.17066666666666666 0.7736131934032984 0.24 0.08545727136431784
0 0.17066666666666666 0.7736131934032984 0.24 0.08545727136431784
0 0.17066666666666666 0.7736131934032984 0.24 0.08545727136431784
0 0.17066666666666666 0.7736131934032984 0.24 0.08545727136431784
0 0.17066666666666666 0.7736131934032984 0.24 0.08545727136431784
0 0.17066666666666666 0.7736131934032984 0.24 0.08545727136431784
0 0.17066666666666666 0.7736131934032984 0.24 0.08545727136431784
0 0.17066666666666666 0.7736131934032984 0.24 0.08545727136431784
0 0.17066666666666666 0.7736131934032984 0.24 0.08545727136431784
0 0.17066666666666666 0.7736131934032984 0.24 0.08545727136431784
0 0.17066666666666666 0.7736131934032984 0.24 0.08545727136431784
0 0.17066666666666666 0.7736131934032984 0.24 0.08545727136431784
0 0.17066666666666666 0.7736131934032984 0.24 0.08545727136431784
0 0.17066666666666666 0.7736131934032984 0.24 0.08545727136431784
0 0.17066666666666666 0.7736131934032984 0.24 0.08545727136431784
0 0.17066666666666666 0.7736131934032984 0.24 0.08545727136431784
0 0.17066666666666666 0.7736131934032984 0.24 0.08545727136431784
0 0.17066666666666666 0.7736131934032984 0.24 0.08545727136431784
0 0.16666666666666666 0.7732383808095952 0.08 0.03223388305847077
0 0.16666666666666666 0.7732383808095952 0.08 0.03223388305847077
0 0.16666666666666666 0.7732383808095952 0.08 0.03223388305847077
1 0.30533333333333335 0.7732383808095952 0.0026666666666666666 0.0712143928035982
2 0.30266666666666664 0.7732383808095952 0.0026666666666666666 0.0712143928035982
0 0.5 0.7736131934032984 0.29333333333333333 0.09895052473763119
0 0.5 0.7736131934032984 0.29333333333333333 0.09895052473763119
0 0.5 0.7736131934032984 0.29333333333333333 0.09895052473763119
0 0.484 0.7736131934032984 0.24 0.08545727136431784
0 0.484 0.7736131934032984 0.24 0.08545727136431784
0 0.484 0.7736131934032984 0.24 0.08545727136431784
0 0.484 0.7736131934032984 0.24 0.08545727136431784
0 0.484 0.7736131934032984 0.24 0.08545727136431784
0 0.484 0.7736131934032984 0.24 0.08545727136431784
0 0.484 0.7736131934032984 0.24 0.08545727136431784
0 0.484 0.7736131934032984 0.24 0.08545727136431784
0 0.484 0.7736131934032984 0.24 0.08545727136431784
0 0.484 0.7736131934032984 0.24 0.08545727136431784
0 0.484 0.7736131934032984 0.24 0.08545727136431784
0 0.484 0.7736131934032984 0.24 0.08545727136431784
0 0.484 0.7736131934032984 0.24 0.08545727136431784
0 0.484 0.7736131934032984 0.24 0.08545727136431784
0 0.484 0.7736131934032984 0.24 0.08545727136431784
0 0.484 0.7736131934032984 0.24 0.08545727136431784
0 0.484 0.7736131934032984 0.24 0.08545727136431784
0 0.484 0.7736131934032984 0.24 0.08545727136431784
0 0.484 0.7736131934032984 0.24 0.08545727136431784
0 0.484 0.7736131934032984 0.24 0.08545727136431784
0 0.484 0.7736131934032984 0.24 0.08545727136431784
0 0.484 0.7736131934032984 0.24 0.08545727136431784
0 0.484 0.7736131934032984 0.24 0.08545727136431784
0 0.484 0.7736131934032984 0.24 0.08545727136431784
0 0.484 0.7736131934032984 0.24 0.08545727136431784
0 0.484 0.7736131934032984 0.24 0.08545727136431784
0 0.484 0.7736131934032984 0.24 0.08545727136431784
0 0.484 0.7736131934032984 0.24 0.08545727136431784
0 0.484 0.7736131934032984 0.24 0.08545727136431784
0 0.48 0.7732383808095952 0.08 0.03223388305847077
0 0.48 0.7732383808095952 0.08 0.03223388305847077
0 0.48 0.7732383808095952 0.08 0.03223388305847077
1 0.6186666666666667 0.7732383808095952 0.0026666666666666666 0.0712143928035982
2 0.616 0.7732383808095952 0.0026666666666666666 0.0712143928035982
1 0.8133333333333334 0.7736131934032984 0.29333333333333333 0.09895052473763119
2 0.8133333333333334 0.7736131934032984 0.29333333333333333 0.09895052473763119
2 0.8133333333333334 0.7736131934032984 0.29333333333333333 0.09895052473763119
1 0.7973333333333333 0.7736131934032984 0.24 0.08545727136431784
2 0.7973333333333333 0.7736131934032984 0.24 0.08545727136431784
2 0.7973333333333333 0.7736131934032984 0.24 0.08545727136431784
2 0.7973333333333333 0.7736131934032984 0.24 0.08545727136431784
2 0.7973333333333333 0.7736131934032984 0.24 0.08545727136431784
2 0.7973333333333333 0.7736131934032984 0.24 0.08545727136431784
2 0.7973333333333333 0.7736131934032984 0.24 0.08545727136431784
2 0.7973333333333333 0.7736131934032984 0.24 0.08545727136431784
2 0.7973333333333333 0.7736131934032984 0.24 0.08545727136431784
2 0.7973333333333333 0.7736131934032984 0.24 0.08545727136431784
2 0.7973333333333333 0.7736131934032984 0.24 0.08545727136431784
2 0.7973333333333333 0.7736131934032984 0.24 0.08545727136431784
2 0.7973333333333333 0.7736131934032984 0.24 0.08545727136431784
2 0.7973333333333333 0.7736131934032984 0.24 0.08545727136431784
2 0.7973333333333333 0.7736131934032984 0.24 0.08545727136431784
2 0.7973333333333333 0.7736131934032984 0.24 0.08545727136431784
2 0.7973333333333333 0.7736131934032984 0.24 0.08545727136431784
2 0.7973333333333333 0.7736131934032984 0.24 0.08545727136431784
2 0.7973333333333333 0.7736131934032984 0.24 0.08545727136431784
2 0.7973333333333333 0.7736131934032984 0.24 0.08545727136431784
2 0.7973333333333333 0.7736131934032984 0.24 0.08545727136431784
2 0.7973333333333333 0.7736131934032984 0.24 0.08545727136431784
2 0.7973333333333333 0.7736131934032984 0.24 0.08545727136431784
2 0.7973333333333333 0.7736131934032984 0.24 0.08545727136431784
2 0.7973333333333333 0.7736131934032984 0.24 0.08545727136431784
2 0.7973333333333333 0.7736131934032984 0.24 0.08545727136431784
2 0.7973333333333333 0.7736131934032984 0.24 0.08545727136431784
2 0.7973333333333333 0.7736131934032984 0.24 0.08545727136431784
2 0.7973333333333333 0.7736131934032984 0.24 0.08545727136431784
1 0.7933333333333333 0.7732383808095952 0.08 0.03223388305847077
2 0.7933333333333333 0.7732383808095952 0.08 0.03223388305847077
2 0.7933333333333333 0.7732383808095952 0.08 0.03223388305847077
1 0.932 0.7732383808095952 0.0026666666666666666 0.0712143928035982
2 0.9293333333333333 0.7732383808095952 0.0026666666666666666 0.0712143928035982