0 0.8125 0.9741666666666666 0.12 0.01
0 0.49125 0.93 0.71375 0.011666666666666667
0 0.3065625 0.9741666666666666 0.344375 0.01
0 0.5003125 0.9091666666666667 0.745625 0.0016666666666666668
0 0.5 0.9529166666666666 0.745 0.0008333333333333334
0 0.5646875 0.28583333333333333 0.616875 0.03666666666666667
0 0.393125 0.28583333333333333 0.2175 0.01
0 0.2725 0.28583333333333333 0.01 0.013333333333333334
0 0.5646875 0.33416666666666667 0.616875 0.03666666666666667
0 0.3209375 0.33416666666666667 0.108125 0.01
0 0.1878125 0.5716666666666667 0.119375 0.6083333333333333
0 0.1878125 0.28541666666666665 0.118125 0.034166666666666665
0 0.1878125 0.31875 0.118125 0.034166666666666665
0 0.18875 0.42541666666666667 0.1 0.0008333333333333334
0 0.18875 0.5154166666666666 0.1 0.0008333333333333334
0 0.18875 0.6054166666666667 0.1 0.0008333333333333334
0 0.18875 0.6954166666666667 0.1 0.0008333333333333334
0 0.18875 0.7854166666666667 0.1 0.0008333333333333334
0 0.1646875 0.285 0.051875 0.011666666666666667
0 0.2346875 0.28541666666666665 0.005625 0.010833333333333334
0 0.1559375 0.31833333333333336 0.034375 0.011666666666666667
0 0.235 0.31916666666666665 0.00875 0.011666666666666667
0 0.15625 0.3566666666666667 0.035 0.011666666666666667
0 0.2346875 0.3570833333333333 0.008125 0.0075
0 0.1675 0.385 0.0375 0.01
0 0.16375 0.405 0.03 0.01
0 0.21625 0.385 0.03 0.01
0 0.15625 0.44666666666666666 0.035 0.011666666666666667
0 0.15625 0.5366666666666666 0.035 0.011666666666666667
0 0.15625 0.6266666666666667 0.035 0.011666666666666667
0 0.15625 0.7166666666666667 0.035 0.011666666666666667
0 0.15625 0.8066666666666666 0.035 0.011666666666666667
0 0.2346875 0.44708333333333333 0.008125 0.0075
0 0.2346875 0.5370833333333334 0.008125 0.0075
0 0.2346875 0.6270833333333333 0.008125 0.0075
0 0.2346875 0.7170833333333333 0.008125 0.0075
0 0.2346875 0.8070833333333334 0.008125 0.0075
0 0.16375 0.475 0.03 0.01
0 0.1678125 0.565 0.036875 0.01
0 0.16375 0.655 0.03 0.01
0 0.16375 0.745 0.03 0.01
0 0.1675 0.835 0.0375 0.01
0 0.16375 0.495 0.03 0.01
0 0.1675 0.585 0.0375 0.01
0 0.16375 0.675 0.03 0.01
0 0.16375 0.765 0.03 0.01
0 0.16375 0.855 0.03 0.01
0 0.21625 0.475 0.03 0.01
0 0.21625 0.565 0.03 0.01
0 0.21625 0.655 0.03 0.01
0 0.2159375 0.745 0.029375 0.01
0 0.21625 0.835 0.03 0.01
0 0.21625 0.495 0.03 0.01
0 0.21625 0.585 0.03 0.01
0 0.21625 0.675 0.03 0.01
0 0.21625 0.765 0.03 0.01
0 0.21625 0.855 0.03 0.01
0 0.210625 0.2275 0.165 0.041666666666666664
0 0.5825 0.2275 0.57875 0.041666666666666664
0 0.155625 0.2275 0.0175 0.011666666666666667
0 0.210625 0.2275 0.035 0.011666666666666667
0 0.265625 0.2275 0.035 0.011666666666666667
0 0.320625 0.2275 0.035 0.011666666666666667
0 0.375625 0.2275 0.035 0.011666666666666667
0 0.430625 0.2275 0.035 0.011666666666666667
0 0.485625 0.2275 0.035 0.011666666666666667
0 0.8446875 0.22666666666666666 0.029375 0.01
0 0.82125 0.22666666666666666 0.0075 0.011666666666666667
0 0.155625 0.24583333333333332 0.00625 0.005
0 0.233125 0.15333333333333332 0.055 0.018333333333333333
0 0.2825 0.15666666666666668 0.03 0.01
1 0.1640625 0.15416666666666667 0.070625 0.03833333333333333
2 0.1640625 0.15416666666666667 0.070625 0.03833333333333333
2 0.1640625 0.15416666666666667 0.070625 0.03833333333333333
2 0.1640625 0.15416666666666667 0.070625 0.03833333333333333
2 0.1640625 0.15416666666666667 0.070625 0.03833333333333333
2 0.1640625 0.15416666666666667 0.070625 0.03833333333333333
2 0.1640625 0.15416666666666667 0.070625 0.03833333333333333
2 0.1640625 0.15416666666666667 0.070625 0.03833333333333333
2 0.1640625 0.15416666666666667 0.070625 0.03833333333333333
2 0.1640625 0.15416666666666667 0.070625 0.03833333333333333
2 0.1640625 0.15416666666666667 0.070625 0.03833333333333333
2 0.1640625 0.15416666666666667 0.070625 0.03833333333333333
2 0.1640625 0.15416666666666667 0.070625 0.03833333333333333
2 0.1640625 0.15416666666666667 0.070625 0.03833333333333333
2 0.1640625 0.15416666666666667 0.070625 0.03833333333333333
2 0.1640625 0.15416666666666667 0.070625 0.03833333333333333
2 0.1640625 0.15416666666666667 0.070625 0.03833333333333333
2 0.1640625 0.15416666666666667 0.070625 0.03833333333333333
2 0.1640625 0.15416666666666667 0.070625 0.03833333333333333
2 0.1640625 0.15416666666666667 0.070625 0.03833333333333333
2 0.1640625 0.15416666666666667 0.070625 0.03833333333333333
2 0.1640625 0.15416666666666667 0.070625 0.03833333333333333
2 0.1640625 0.15416666666666667 0.070625 0.03833333333333333
2 0.1640625 0.15416666666666667 0.070625 0.03833333333333333
0 0.76875 0.155 0.20625 0.03333333333333333
0 0.841875 0.155 0.06 0.03333333333333333
0 0.841875 0.155 0.015 0.01
0 0.4996875 0.06583333333333333 0.743125 0.07166666666666667
0 0.4996875 0.06583333333333333 0.743125 0.07166666666666667
0 0.4846875 0.09125 0.004375 0.005833333333333334
0 0.4946875 0.09125 0.004375 0.005833333333333334
0 0.5046875 0.09125 0.004375 0.005833333333333334
0 0.5146875 0.09125 0.004375 0.005833333333333334
0 0.5 0.014583333333333334 1.0 0.029166666666666667
0 0.2028125 0.015416666666666667 0.035625 0.010833333333333334
0 0.243125 0.015 0.0225 0.01
0 0.636875 0.015 0.0375 0.01
0 0.864375 0.015 0.015 0.01
0 0.155625 0.015 0.0375 0.01
1 0.131875 0.014583333333333334 0.0025 0.009166666666666667
2 0.131875 0.014583333333333334 0.0025 0.009166666666666667
2 0.131875 0.014583333333333334 0.0025 0.009166666666666667
2 0.131875 0.014583333333333334 0.0025 0.009166666666666667
1 0.13 0.014583333333333334 0.0025 0.009166666666666667
2 0.13 0.014583333333333334 0.0025 0.009166666666666667
2 0.13 0.014583333333333334 0.0025 0.009166666666666667
2 0.13 0.014583333333333334 0.0025 0.009166666666666667
0 0.8515625 0.014583333333333334 0.000625 0.010833333333333334
0 0.8040625 0.014583333333333334 0.000625 0.010833333333333334
0 0.7090625 0.014583333333333334 0.000625 0.010833333333333334
0 0.6609375 0.014583333333333334 0.000625 0.010833333333333334
0 0.1796875 0.014583333333333334 0.000625 0.010833333333333334
0 0.2265625 0.014583333333333334 0.000625 0.010833333333333334
0 0.2596875 0.014583333333333334 0.000625 0.010833333333333334
0 0.2825 0.015 0.015 0.01
1 0.2696875 0.014583333333333334 0.003125 0.0075
2 0.2696875 0.014583333333333334 0.003125 0.0075
2 0.2696875 0.014583333333333334 0.003125 0.0075
1 0.2665625 0.014583333333333334 0.003125 0.0075
2 0.2665625 0.014583333333333334 0.003125 0.0075
2 0.2665625 0.014583333333333334 0.003125 0.0075
0 0.2953125 0.014583333333333334 0.003125 0.0025
0 0.68125 0.015 0.03 0.01
0 0.7015625 0.014583333333333334 0.003125 0.0025
0 0.729375 0.015 0.03 0.01
0 0.7496875 0.014583333333333334 0.003125 0.0025
0 0.824375 0.015 0.03 0.01
0 0.8446875 0.014583333333333334 0.003125 0.0025
0 0.7565625 0.014583333333333334 0.000625 0.010833333333333334
0 0.776875 0.015 0.03 0.01
0 0.7971875 0.014583333333333334 0.003125 0.0025
0 0.5 0.029583333333333333 1.0 0.0008333333333333334
0 0.5646875 0.5058333333333334 0.616875 0.2833333333333333
0 0.58125 0.42 0.2275 0.011666666666666667
1 0.45125 0.42 0.02 0.02666666666666667
2 0.45125 0.42 0.02 0.02666666666666667
0 0.58875 0.44666666666666666 0.2425 0.01
0 0.4975 0.49 0.06 0.01
0 0.555 0.49 0.03 0.01
0 0.61625 0.49 0.0675 0.01
0 0.585 0.5708333333333333 0.2875 0.11666666666666667
0 0.51125 0.5279166666666667 0.09 0.010833333333333334
0 0.50375 0.5675 0.075 0.05
0 0.50375 0.5675 0.075 0.05
0 0.50375 0.5675 0.075 0.05
0 0.521875 0.5704166666666667 0.03875 0.04416666666666667
0 0.521875 0.5704166666666667 0.03875 0.04416666666666667
0 0.521875 0.5704166666666667 0.03875 0.04416666666666667
1 0.530625 0.5679166666666666 0.00125 0.04083333333333333
2 0.53 0.5679166666666666 0.00125 0.04083333333333333
0 0.486875 0.55625 0.03 0.010833333333333334
0 0.5034375 0.57875 0.019375 0.010833333333333334
0 0.4765625 0.575 0.008125 0.015
0 0.486875 0.5783333333333334 0.00875 0.011666666666666667
0 0.585 0.5675 0.075 0.05
0 0.585 0.5675 0.075 0.05
0 0.585 0.5675 0.075 0.05
0 0.603125 0.5704166666666667 0.03875 0.04416666666666667
0 0.603125 0.5704166666666667 0.03875 0.04416666666666667
0 0.603125 0.5704166666666667 0.03875 0.04416666666666667
1 0.611875 0.5679166666666666 0.00125 0.04083333333333333
2 0.61125 0.5679166666666666 0.00125 0.04083333333333333
0 0.571875 0.55625 0.0375 0.010833333333333334
0 0.5934375 0.57875 0.019375 0.010833333333333334
0 0.5559375 0.5745833333333333 0.004375 0.014166666666666666
0 0.5725 0.57875 0.0175 0.010833333333333334
0 0.66625 0.5675 0.075 0.05
0 0.66625 0.5675 0.075 0.05
0 0.66625 0.5675 0.075 0.05
0 0.684375 0.5704166666666667 0.03875 0.04416666666666667
0 0.684375 0.5704166666666667 0.03875 0.04416666666666667
0 0.684375 0.5704166666666667 0.03875 0.04416666666666667
1 0.693125 0.5679166666666666 0.00125 0.04083333333333333
2 0.6925 0.5679166666666666 0.00125 0.04083333333333333
0 0.649375 0.55625 0.03 0.010833333333333334
0 0.6740625 0.57875 0.019375 0.010833333333333334
0 0.6434375 0.5745833333333333 0.016875 0.015833333333333335
0 0.6575 0.57875 0.00875 0.010833333333333334
0 0.585 0.6108333333333333 0.0625 0.02
0 0.585 0.6104166666666667 0.03 0.010833333333333334