0 0.5 0.3536812674743709 1.0 0.35135135135135137
0 0.97 0.22809878844361603 0.009333333333333334 0.012581547064305684
0 0.908 0.19944082013047532 0.128 0.010251630941286114
0 0.12 0.2255358807082945 0.18666666666666668 0.06523765144454799
0 0.12 0.2255358807082945 0.18666666666666668 0.06523765144454799
0 0.41733333333333333 0.2451071761416589 0.352 0.023299161230195712
0 0.326 0.19874184529356942 0.172 0.011649580615097856
0 0.5133333333333333 0.26817334575955265 0.9733333333333334 0.00046598322460391424
0 0.9006666666666666 0.2851817334575955 0.14266666666666666 0.010251630941286114
0 0.12 0.31127679403541475 0.18666666666666668 0.06523765144454799
0 0.12 0.31127679403541475 0.18666666666666668 0.06523765144454799
0 0.41733333333333333 0.33084808946877914 0.352 0.023299161230195712
0 0.3433333333333333 0.28448275862068967 0.20666666666666667 0.011649580615097856
0 0.5133333333333333 0.3539142590866729 0.9733333333333334 0.00046598322460391424
0 0.97 0.3995806150978565 0.009333333333333334 0.012581547064305684
0 0.908 0.37092264678471576 0.128 0.010251630941286114
0 0.12 0.39701770736253494 0.18666666666666668 0.06523765144454799
0 0.12 0.39701770736253494 0.18666666666666668 0.06523765144454799
0 0.41733333333333333 0.41658900279589933 0.352 0.023299161230195712
0 0.326 0.37022367194780986 0.172 0.011649580615097856
0 0.5133333333333333 0.4396551724137931 0.9733333333333334 0.00046598322460391424
0 0.9006666666666666 0.45666356011183595 0.14266666666666666 0.010251630941286114
0 0.12 0.4827586206896552 0.18666666666666668 0.06523765144454799
0 0.12 0.4827586206896552 0.18666666666666668 0.06523765144454799
0 0.41733333333333333 0.5023299161230196 0.352 0.023299161230195712
0 0.3433333333333333 0.4559645852749301 0.20666666666666667 0.011649580615097856
0 0.5 0.5295899347623485 1.0 0.00046598322460391424
0 0.5 0.17823858341099721 1.0 0.00046598322460391424
0 0.5 0.7381174277726001 1.0 0.10344827586206896
0 0.78 0.727865796831314 0.38133333333333336 0.009319664492078284
0 0.10266666666666667 0.7276328052190121 0.14933333333333335 0.011649580615097856
0 0.9206666666666666 0.7490680335507922 0.1 0.011649580615097856
0 0.10266666666666667 0.7490680335507922 0.14933333333333335 0.011649580615097856
0 0.78 0.7707362534948742 0.38133333333333336 0.009319664492078284
0 0.12 0.7705032618825722 0.184 0.011649580615097856
0 0.10266666666666667 0.7061975768872321 0.14933333333333335 0.011649580615097856
0 0.8066666666666666 0.706430568499534 0.33066666666666666 0.009319664492078284
0 0.5 0.5899347623485555 1.0 0.10344827586206896
0 0.5 0.6593662628145387 1.0 0.035414725069897485
0 0.5 0.6041472506989748 0.9466666666666667 0.00046598322460391424
0 0.5 0.641425908667288 1.0 0.00046598322460391424
0 0.096 0.5608108108108109 0.136 0.011649580615097856
0 0.9053333333333333 0.5610438024231128 0.13333333333333333 0.009319664492078284
0 0.902 0.587138863000932 0.14 0.009319664492078284
0 0.12266666666666666 0.58690587138863 0.13866666666666666 0.011649580615097856
0 0.9126666666666666 0.6598322460391426 0.11866666666666667 0.009319664492078284
0 0.14 0.6595992544268406 0.17066666666666666 0.011649580615097856
0 0.8906666666666667 0.6227865796831314 0.16266666666666665 0.010717614165890028
0 0.13066666666666665 0.6227865796831314 0.20533333333333334 0.011649580615097856
0 0.5 0.028890959925442685 1.0 0.05778191985088537
0 0.5013333333333333 0.03821062441752097 0.352 0.022367194780987885
0 0.5893333333333334 0.03821062441752097 0.176 0.022367194780987885
0 0.41333333333333333 0.03844361602982293 0.12533333333333332 0.010717614165890028
0 0.59 0.03844361602982293 0.12666666666666668 0.010717614165890028
0 0.072 0.03821062441752097 0.064 0.022367194780987885
0 0.072 0.03821062441752097 0.02666666666666667 0.016775396085740912
0 0.928 0.03821062441752097 0.064 0.022367194780987885
0 0.928 0.03821062441752097 0.058666666666666666 0.016775396085740912
0 0.928 0.03821062441752097 0.058666666666666666 0.016775396085740912
0 0.928 0.03821062441752097 0.058666666666666666 0.016775396085740912
0 0.928 0.03821062441752097 0.058666666666666666 0.016775396085740912
0 0.928 0.03821062441752097 0.058666666666666666 0.016775396085740912
0 0.934 0.036346691519105315 0.07866666666666666 0.016775396085740912
0 0.12733333333333333 0.0375116495806151 0.11066666666666666 0.019105312208760484
0 0.04 0.037045666356011184 0.034666666666666665 0.020037278657968314
0 0.04 0.037045666356011184 0.034666666666666665 0.020037278657968314
0 0.5 0.007455731593662628 1.0 0.01863932898415657
1 0.9526666666666667 0.007688723205964585 0.06533333333333333 0.008853681267474371
2 0.9526666666666667 0.007688723205964585 0.06533333333333333 0.008853681267474371
2 0.9526666666666667 0.007688723205964585 0.06533333333333333 0.008853681267474371
2 0.9526666666666667 0.007688723205964585 0.06533333333333333 0.008853681267474371
0 0.8713333333333333 0.008154706430568499 0.07866666666666666 0.008853681267474371
0 0.49933333333333335 0.008154706430568499 0.11333333333333333 0.008853681267474371
1 0.25066666666666665 0.007455731593662628 0.034666666666666665 0.008387698042870456
2 0.25066666666666665 0.007455731593662628 0.034666666666666665 0.008387698042870456
2 0.25066666666666665 0.007455731593662628 0.034666666666666665 0.008387698042870456
0 0.16466666666666666 0.008154706430568499 0.09466666666666666 0.008853681267474371
1 0.062 0.007222739981360671 0.08933333333333333 0.005125815470643057
2 0.062 0.007222739981360671 0.08933333333333333 0.005125815470643057
2 0.062 0.007222739981360671 0.08933333333333333 0.005125815470643057
2 0.062 0.007222739981360671 0.08933333333333333 0.005125815470643057
2 0.062 0.007222739981360671 0.08933333333333333 0.005125815470643057
0 0.5 0.11369990680335508 1.0 0.11183597390493942
0 0.784 0.11929170549860205 0.24 0.08387698042870456
0 0.772 0.11509785647716682 0.15733333333333333 0.05498602050326188
0 0.796 0.12348555452003727 0.15733333333333333 0.05498602050326188
0 0.7673333333333333 0.12185461323392358 0.036 0.012581547064305684
0 0.7993333333333333 0.11929170549860205 0.052 0.017707362534948742
0 0.896 0.10251630941286113 0.016 0.005591798695246971
0 0.86 0.08247903075489282 0.018666666666666668 0.0065237651444548
0 0.86 0.08247903075489282 0.018666666666666668 0.0065237651444548
0 0.736 0.07642124883504194 0.029333333333333333 0.009319664492078284
0 0.736 0.07642124883504194 0.029333333333333333 0.009319664492078284
0 0.736 0.07642124883504194 0.029333333333333333 0.009319664492078284
0 0.736 0.07642124883504194 0.029333333333333333 0.009319664492078284
0 0.736 0.07642124883504194 0.029333333333333333 0.009319664492078284
0 0.736 0.07642124883504194 0.029333333333333333 0.009319664492078284
0 0.672 0.11323392357875116 0.016 0.005591798695246971
0 0.672 0.11323392357875116 0.016 0.005591798695246971
0 0.784 0.11369990680335508 0.24 0.09506057781919851
1 0.784 0.11369990680335508 0.24 0.09506057781919851
0 0.264 0.10717614165890028 0.33066666666666666 0.01863932898415657
0 0.30266666666666664 0.13117427772600188 0.4106666666666667 0.010717614165890028
0 0.5 0.9482758620689655 1.0 0.05125815470643057
0 0.8466666666666667 0.9487418452935694 0.22666666666666666 0.03075489282385834
0 0.8473333333333334 0.9480428704566636 0.06266666666666666 0.010717614165890028
0 0.58 0.9487418452935694 0.22666666666666666 0.03075489282385834
0 0.5806666666666667 0.9480428704566636 0.12666666666666668 0.010717614165890028
0 0.5 0.8606710158434296 1.0 0.12488350419384903
0 0.10133333333333333 0.8184995340167754 0.14666666666666667 0.012581547064305684
0 0.148 0.8441286113699907 0.24 0.011649580615097856
0 0.14733333333333334 0.8627679403541473 0.23866666666666667 0.011649580615097856
0 0.9 0.8184995340167754 0.144 0.012581547064305684
0 0.5 0.9026095060577819 1.0 0.04100652376514446
0 0.5133333333333333 0.8823392357875116 0.9733333333333334 0.00046598322460391424
0 0.5013333333333333 0.90237651444548 0.44533333333333336 0.012581547064305684
0 0.8886666666666667 0.2530288909599254 0.15866666666666668 0.01863932898415657
0 0.8913333333333333 0.2527958993476235 0.124 0.010717614165890028
0 0.8886666666666667 0.3364398881640261 0.15866666666666668 0.01863932898415657
0 0.8913333333333333 0.33620689655172414 0.124 0.010717614165890028
0 0.8886666666666667 0.41985088536812676 0.15866666666666668 0.01863932898415657
0 0.8913333333333333 0.4196178937558248 0.124 0.010717614165890028
0 0.8886666666666667 0.5093196644920783 0.15866666666666668 0.01863932898415657
0 0.8913333333333333 0.5090866728797764 0.124 0.010717614165890028