0 0.5 0.2732041969330105 1.0 0.0847457627118644
0 0.112 0.26472962066182404 0.16 0.048426150121065374
0 0.494 0.24757869249394673 0.556 0.010088781275221953
0 0.9113333333333333 0.24717514124293785 0.11066666666666666 0.007667473769168685
0 0.906 0.26049233252623083 0.12133333333333333 0.007667473769168685
0 0.2853333333333333 0.26109765940274415 0.136 0.010492332526230832
0 0.42333333333333334 0.29257465698143664 0.412 0.022598870056497175
0 0.88 0.29782082324455206 0.176 0.016142050040355124
0 0.882 0.2980225988700565 0.124 0.009281678773204197
0 0.5 0.3153753026634383 0.936 0.0004035512510088781
0 0.5 0.3591606133979015 1.0 0.08716707021791767
0 0.112 0.34947538337368844 0.16 0.048426150121065374
0 0.112 0.34947538337368844 0.16 0.048426150121065374
0 0.5053333333333333 0.33232445520581116 0.38133333333333336 0.010088781275221953
0 0.37133333333333335 0.34584342211460856 0.31066666666666665 0.010492332526230832
0 0.2613333333333333 0.3321226795803067 0.09066666666666667 0.009685230024213076
1 0.2613333333333333 0.3319209039548023 0.07733333333333334 0.007667473769168685
0 0.9113333333333333 0.3319209039548023 0.11066666666666666 0.007667473769168685
0 0.906 0.34523809523809523 0.12133333333333333 0.007667473769168685
0 0.4046666666666667 0.37732041969330105 0.37466666666666665 0.022598870056497175
0 0.8773333333333333 0.38256658595641646 0.176 0.016142050040355124
0 0.8793333333333333 0.3827683615819209 0.124 0.009281678773204197
0 0.5 0.4235270379338176 0.936 0.0004035512510088781
0 0.5 0.1900726392251816 1.0 0.06698950766747377
0 0.056 0.17433414043583534 0.048 0.014527845036319613
0 0.056666666666666664 0.17433414043583534 0.036 0.012106537530266344
0 0.056666666666666664 0.17433414043583534 0.036 0.012106537530266344
0 0.056666666666666664 0.17433414043583534 0.036 0.012106537530266344
0 0.056666666666666664 0.17433414043583534 0.036 0.012106537530266344
0 0.22333333333333333 0.17433414043583534 0.22 0.011299435028248588
0 0.8526666666666667 0.17433414043583534 0.22266666666666668 0.00887812752219532
0 0.54 0.20056497175141244 0.8533333333333334 0.022598870056497175
0 0.5 0.026230831315577078 1.0 0.052461662631154156
0 0.5 0.03430185633575464 0.18933333333333333 0.013720742534301856
0 0.056 0.03430185633575464 0.048 0.014527845036319613
0 0.05466666666666667 0.03430185633575464 0.021333333333333333 0.012106537530266344
0 0.5 0.008071025020177562 1.0 0.016142050040355124
1 0.06133333333333333 0.008071025020177562 0.088 0.004035512510088781
2 0.06133333333333333 0.008071025020177562 0.088 0.004035512510088781
2 0.06133333333333333 0.008071025020177562 0.088 0.004035512510088781
2 0.06133333333333333 0.008071025020177562 0.088 0.004035512510088781
2 0.06133333333333333 0.008071025020177562 0.088 0.004035512510088781
0 0.166 0.007869249394673124 0.09466666666666666 0.007667473769168685
1 0.24533333333333332 0.008071025020177562 0.034666666666666665 0.007263922518159807
2 0.24533333333333332 0.008071025020177562 0.034666666666666665 0.007263922518159807
2 0.24533333333333332 0.008071025020177562 0.034666666666666665 0.007263922518159807
0 0.496 0.00867635189669088 0.12 0.007667473769168685
0 0.8693333333333333 0.007465698143664245 0.08266666666666667 0.007667473769168685
1 0.9526666666666667 0.008272800645682001 0.06533333333333333 0.007667473769168685
2 0.9526666666666667 0.008272800645682001 0.06533333333333333 0.007667473769168685
2 0.9526666666666667 0.008272800645682001 0.06533333333333333 0.007667473769168685
2 0.9526666666666667 0.008272800645682001 0.06533333333333333 0.007667473769168685
0 0.5 0.42776432606941084 1.0 0.03551251008878128
0 0.5 0.445318805488297 1.0 0.0004035512510088781
0 0.106 0.4275625504439064 0.14533333333333334 0.010895883777239709
0 0.7886666666666666 0.4279661016949153 0.356 0.010088781275221953
0 0.5 0.7312348668280871 1.0 0.09846650524616626
0 0.7593333333333333 0.7207425343018563 0.4093333333333333 0.00887812752219532
0 0.11333333333333333 0.7205407586763519 0.16 0.010895883777239709
0 0.9113333333333333 0.7415254237288136 0.108 0.010895883777239709
0 0.11333333333333333 0.7415254237288136 0.16 0.010895883777239709
0 0.7593333333333333 0.7627118644067796 0.4093333333333333 0.00887812752219532
0 0.132 0.7625100887812752 0.19733333333333333 0.010895883777239709
0 0.11333333333333333 0.6995560936238903 0.16 0.010895883777239709
0 0.7913333333333333 0.6997578692493946 0.3506666666666667 0.00887812752219532
0 0.5 0.4725585149313963 1.0 0.05407586763518967
0 0.5 0.46811945117029863 0.9413333333333334 0.0258272800645682
0 0.10666666666666667 0.46307506053268765 0.14666666666666667 0.010895883777239709
0 0.274 0.481638418079096 0.48133333333333334 0.010895883777239709
0 0.5 0.5637610976594027 1.0 0.11380145278450363
0 0.5 0.6476997578692494 1.0 0.05407586763518967
0 0.5 0.58454398708636 0.9466666666666667 0.0004035512510088781
0 0.5 0.6204600484261501 1.0 0.0004035512510088781
0 0.10666666666666667 0.5244148506860371 0.14666666666666667 0.010895883777239709
0 0.8946666666666667 0.5246166263115416 0.144 0.00887812752219532
0 0.906 0.5560936238902341 0.12133333333333333 0.020177562550443905
0 0.13333333333333333 0.5456012913640033 0.14666666666666667 0.010492332526230832
0 0.9133333333333333 0.5770782889426957 0.10666666666666667 0.020177562550443905
0 0.11466666666666667 0.5663841807909604 0.10933333333333334 0.010895883777239709
0 0.9073333333333333 0.6380145278450363 0.11866666666666667 0.008071025020177562
0 0.14466666666666667 0.6378127522195319 0.16933333333333334 0.010088781275221953
0 0.9073333333333333 0.6577885391444713 0.11866666666666667 0.008071025020177562
0 0.14533333333333334 0.6575867635189669 0.17066666666666666 0.010088781275221953
0 0.8946666666666667 0.6029055690072639 0.144 0.00887812752219532
0 0.144 0.6023002421307506 0.22133333333333333 0.010895883777239709
0 0.5 0.9229217110573043 1.0 0.04439063761097659
0 0.8506666666666667 0.9233252623083131 0.22666666666666666 0.026634382566585957
0 0.8513333333333334 0.9227199354317999 0.12666666666666668 0.009281678773204197
0 0.5 0.10008071025020178 1.0 0.09685230024213075
0 0.24266666666666667 0.07990314769975787 0.26666666666666666 0.026634382566585957
0 0.24266666666666667 0.07990314769975787 0.26666666666666666 0.026634382566585957
0 0.246 0.07828894269572235 0.22 0.010492332526230832
0 0.36 0.120863599677159 0.072 0.010895883777239709
0 0.172 0.120863599677159 0.072 0.010895883777239709
0 0.688 0.12106537530266344 0.072 0.010492332526230832
0 0.9013333333333333 0.12570621468926554 0.14933333333333335 0.018159806295399514
0 0.09866666666666667 0.1033091202582728 0.042666666666666665 0.0129136400322841
0 0.24533333333333332 0.1033091202582728 0.042666666666666665 0.0129136400322841
0 0.4746666666666667 0.1033091202582728 0.032 0.009685230024213076
0 0.24533333333333332 0.1033091202582728 0.032 0.009685230024213076
0 0.4746666666666667 0.1033091202582728 0.032 0.009685230024213076
0 0.09866666666666667 0.1033091202582728 0.032 0.009685230024213076
0 0.4746666666666667 0.1033091202582728 0.042666666666666665 0.0129136400322841
0 0.9013333333333333 0.1033091202582728 0.042666666666666665 0.0129136400322841
0 0.172 0.1033091202582728 0.088 0.0016142050040355124
0 0.6853333333333333 0.10290556900726393 0.36 0.0008071025020177562
0 0.3586666666666667 0.10371267150928168 0.168 0.0008071025020177562
0 0.5 0.8444309927360775 1.0 0.11339790153349476
0 0.516 0.8654156577885391 0.968 0.0004035512510088781
0 0.744 0.8831719128329297 0.44533333333333336 0.010895883777239709
0 0.10666666666666667 0.8052865213882163 0.14666666666666667 0.010895883777239709
0 0.16266666666666665 0.8286924939467313 0.25866666666666666 0.010895883777239709
0 0.162 0.8472558514931396 0.25733333333333336 0.010895883777239709
0 0.8946666666666667 0.8052865213882163 0.144 0.010895883777239709