0 0.5 0.03735632183908046 1.0 0.07471264367816093
0 0.5 0.04885057471264368 0.18933333333333333 0.01954022988505747
0 0.056 0.04885057471264368 0.048 0.020689655172413793
0 0.05466666666666667 0.04885057471264368 0.021333333333333333 0.017241379310344827
0 0.5 0.011494252873563218 1.0 0.022988505747126436
1 0.06133333333333333 0.011494252873563218 0.088 0.005747126436781609
2 0.06133333333333333 0.011494252873563218 0.088 0.005747126436781609
2 0.06133333333333333 0.011494252873563218 0.088 0.005747126436781609
2 0.06133333333333333 0.011494252873563218 0.088 0.005747126436781609
2 0.06133333333333333 0.011494252873563218 0.088 0.005747126436781609
0 0.166 0.011206896551724138 0.09466666666666666 0.010919540229885057
1 0.24533333333333332 0.011494252873563218 0.034666666666666665 0.010344827586206896
2 0.24533333333333332 0.011494252873563218 0.034666666666666665 0.010344827586206896
2 0.24533333333333332 0.011494252873563218 0.034666666666666665 0.010344827586206896
0 0.496 0.01235632183908046 0.12 0.010919540229885057
0 0.8693333333333333 0.010632183908045977 0.08266666666666667 0.010919540229885057
1 0.9526666666666667 0.011781609195402299 0.06533333333333333 0.010919540229885057
2 0.9526666666666667 0.011781609195402299 0.06533333333333333 0.010919540229885057
2 0.9526666666666667 0.011781609195402299 0.06533333333333333 0.010919540229885057
2 0.9526666666666667 0.011781609195402299 0.06533333333333333 0.010919540229885057
0 0.5 0.1425287356321839 1.0 0.13793103448275862
0 0.784 0.14942528735632185 0.24 0.10344827586206896
0 0.772 0.1442528735632184 0.15733333333333333 0.067816091954023
0 0.796 0.15459770114942528 0.15733333333333333 0.067816091954023
0 0.7673333333333333 0.15258620689655172 0.036 0.015517241379310345
0 0.7993333333333333 0.14942528735632185 0.052 0.021839080459770115
0 0.896 0.12873563218390804 0.016 0.006896551724137931
0 0.86 0.10402298850574712 0.018666666666666668 0.008045977011494253
0 0.86 0.10402298850574712 0.018666666666666668 0.008045977011494253
0 0.736 0.09655172413793103 0.029333333333333333 0.011494252873563218
0 0.736 0.09655172413793103 0.029333333333333333 0.011494252873563218
0 0.736 0.09655172413793103 0.029333333333333333 0.011494252873563218
0 0.736 0.09655172413793103 0.029333333333333333 0.011494252873563218
0 0.736 0.09655172413793103 0.029333333333333333 0.011494252873563218
0 0.736 0.09655172413793103 0.029333333333333333 0.011494252873563218
0 0.672 0.14195402298850573 0.016 0.006896551724137931
0 0.672 0.14195402298850573 0.016 0.006896551724137931
0 0.784 0.1425287356321839 0.24 0.11724137931034483
1 0.784 0.1425287356321839 0.24 0.11724137931034483
0 0.208 0.13448275862068965 0.22133333333333333 0.022988505747126436
0 0.38066666666666665 0.16408045977011496 0.5666666666666667 0.013218390804597701
0 0.5 0.41551724137931034 1.0 0.05057471264367816
0 0.8633333333333333 0.4149425287356322 0.14533333333333334 0.01264367816091954
0 0.8626666666666667 0.41551724137931034 0.22133333333333333 0.027586206896551724
0 0.5 0.44051724137931036 1.0 0.0005747126436781609
0 0.5 0.696551724137931 1.0 0.12758620689655173
0 0.78 0.6839080459770115 0.38133333333333336 0.011494252873563218
0 0.10266666666666667 0.6836206896551724 0.14933333333333335 0.014367816091954023
0 0.9206666666666666 0.7100574712643678 0.1 0.014367816091954023
0 0.10266666666666667 0.7100574712643678 0.14933333333333335 0.014367816091954023
0 0.78 0.7367816091954023 0.38133333333333336 0.011494252873563218
0 0.12 0.7364942528735632 0.184 0.014367816091954023
0 0.10266666666666667 0.657183908045977 0.14933333333333335 0.014367816091954023
0 0.8066666666666666 0.6574712643678161 0.33066666666666666 0.011494252873563218
0 0.5 0.5149425287356322 1.0 0.12758620689655173
0 0.5 0.6005747126436781 1.0 0.04367816091954023
0 0.5 0.5324712643678161 0.9466666666666667 0.0005747126436781609
0 0.5 0.5784482758620689 1.0 0.0005747126436781609
0 0.096 0.47902298850574715 0.136 0.014367816091954023
0 0.9053333333333333 0.4793103448275862 0.13333333333333333 0.011494252873563218
0 0.902 0.5114942528735632 0.14 0.011494252873563218
0 0.12266666666666666 0.5112068965517241 0.13866666666666666 0.014367816091954023
0 0.9126666666666666 0.6011494252873564 0.11866666666666667 0.011494252873563218
0 0.14 0.6008620689655172 0.17066666666666666 0.014367816091954023
0 0.8906666666666667 0.5554597701149425 0.16266666666666665 0.013218390804597701
0 0.13066666666666665 0.5554597701149425 0.20533333333333334 0.014367816091954023
0 0.5 0.24913793103448276 1.0 0.05459770114942529
0 0.12666666666666668 0.24798850574712644 0.19733333333333333 0.016666666666666666
0 0.358 0.24770114942528734 0.212 0.011494252873563218
0 0.5 0.8649425287356322 1.0 0.06321839080459771
0 0.8466666666666667 0.8655172413793103 0.22666666666666666 0.03793103448275862
0 0.8473333333333334 0.8646551724137931 0.06266666666666666 0.013218390804597701
0 0.58 0.8655172413793103 0.22666666666666666 0.03793103448275862
0 0.5806666666666667 0.8646551724137931 0.12666666666666668 0.013218390804597701
0 0.5 0.3385057471264368 1.0 0.10344827586206896
0 0.6226666666666667 0.3899425287356322 0.7546666666666667 0.0005747126436781609
0 0.12 0.3385057471264368 0.18666666666666668 0.08045977011494253
0 0.12 0.3385057471264368 0.18666666666666668 0.08045977011494253
0 0.36866666666666664 0.37212643678160917 0.25466666666666665 0.013218390804597701
0 0.584 0.37212643678160917 0.11466666666666667 0.013218390804597701
0 0.42733333333333334 0.30833333333333335 0.22 0.015517241379310345
0 0.272 0.3086206896551724 0.064 0.013793103448275862
0 0.2713333333333333 0.3086206896551724 0.052 0.011494252873563218
0 0.2926666666666667 0.3514367816091954 0.10266666666666667 0.013218390804597701
0 0.8966666666666666 0.3086206896551724 0.15066666666666667 0.01264367816091954
0 0.5 0.796264367816092 1.0 0.05344827586206897
0 0.10133333333333333 0.7945402298850575 0.14666666666666667 0.015517241379310345
0 0.86 0.7945402298850575 0.14666666666666667 0.015517241379310345
0 0.956 0.7951149425287356 0.018666666666666668 0.014367816091954023