0 0.5 0.2623688155922039 1.0 0.5247376311844077
0 0.5 0.2623688155922039 1.0 0.5247376311844077
0 0.5 0.2623688155922039 1.0 0.5247376311844077
0 0.5 0.26199400299850073 1.0 0.5239880059970015
0 0.958 0.35644677661169416 0.030666666666666665 0.1401799100449775
0 0.904 0.3568215892053973 0.048 0.026986506746626688
0 0.9026666666666666 0.3538230884557721 0.013333333333333334 0.0074962518740629685
0 0.9026666666666666 0.35907046476761617 0.013333333333333334 0.0074962518740629685
0 0.5 0.8868065967016492 1.0 0.1664167916041979
0 0.5 0.969640179910045 0.936 0.0007496251874062968
0 0.9526666666666667 0.8868065967016492 0.02 0.019490254872563718
0 0.68 0.9051724137931034 0.41333333333333333 0.06521739130434782
0 0.23866666666666667 0.8868065967016492 0.41333333333333333 0.13043478260869565
0 0.23866666666666667 0.8868065967016492 0.41333333333333333 0.13043478260869565
0 0.6426666666666667 0.845952023988006 0.33866666666666667 0.023238380809595203
0 0.5 0.9850074962518741 1.0 0.029985007496251874
0 0.5 1.1360569715142428 0.936 0.0007496251874062968
0 0.9526666666666667 1.053223388305847 0.02 0.019490254872563718
0 0.6853333333333333 1.0952023988005997 0.4266666666666667 0.1199400299850075
0 0.23866666666666667 0.9940029985007496 0.41333333333333333 0.01199400299850075
0 0.23866666666666667 0.9940029985007496 0.41333333333333333 0.01199400299850075
0 0.6426666666666667 1.0119940029985008 0.3413333333333333 0.031484257871064465
0 0.056 0.06446776611694154 0.064 0.035982008995502246
0 0.048666666666666664 0.06446776611694154 0.028 0.029985007496251874
0 0.048666666666666664 0.06446776611694154 0.028 0.029985007496251874
0 0.8946666666666667 0.013868065967016492 0.021333333333333333 0.020239880059970013
0 0.8946666666666667 0.013868065967016492 0.021333333333333333 0.020239880059970013
0 0.8946666666666667 0.013868065967016492 0.021333333333333333 0.020239880059970013
0 0.9513333333333334 0.013868065967016492 0.06 0.01424287856071964
0 0.9513333333333334 0.013868065967016492 0.06 0.01424287856071964
0 0.9513333333333334 0.013868065967016492 0.05466666666666667 0.011244377811094454
0 0.9846666666666667 0.013868065967016492 0.004 0.005247376311844078
1 0.23066666666666666 0.013868065967016492 0.034666666666666665 0.01424287856071964
2 0.23066666666666666 0.013868065967016492 0.034666666666666665 0.01424287856071964
2 0.23066666666666666 0.013868065967016492 0.034666666666666665 0.01424287856071964
0 0.026 0.01424287856071964 0.014666666666666666 0.008995502248875561
0 0.04466666666666667 0.01424287856071964 0.014666666666666666 0.008995502248875561
0 0.06333333333333334 0.01424287856071964 0.014666666666666666 0.008995502248875561
0 0.082 0.01424287856071964 0.014666666666666666 0.008995502248875561
0 0.082 0.01424287856071964 0.014666666666666666 0.008995502248875561
0 0.10066666666666667 0.01424287856071964 0.014666666666666666 0.008995502248875561
0 0.10066666666666667 0.01424287856071964 0.014666666666666666 0.008995502248875561
0 0.16133333333333333 0.013868065967016492 0.07733333333333334 0.01424287856071964
0 0.474 0.024737631184407798 0.07866666666666666 0.034482758620689655
0 0.49933333333333335 0.06484257871064468 0.124 0.023238380809595203
0 0.936 0.06296851574212893 0.064 0.035982008995502246
0 0.9386666666666666 0.05997001499250375 0.050666666666666665 0.01649175412293853
0 0.912 0.05172413793103448 0.008 0.0074962518740629685
0 0.938 0.06859070464767617 0.04933333333333333 0.011244377811094454
0 0.9233333333333333 0.07683658170914542 0.004 0.0022488755622188904
0 0.9553333333333334 0.07683658170914542 0.004 0.0022488755622188904
0 0.5 0.7203898050974513 1.0 0.1664167916041979
0 0.5 0.803223388305847 0.936 0.0007496251874062968
0 0.9526666666666667 0.7203898050974513 0.02 0.019490254872563718
0 0.68 0.7387556221889056 0.41333333333333333 0.06521739130434782
0 0.23866666666666667 0.7203898050974513 0.41333333333333333 0.13043478260869565
0 0.23866666666666667 0.7203898050974513 0.41333333333333333 0.13043478260869565
0 0.6426666666666667 0.6795352323838081 0.33866666666666667 0.023238380809595203
0 0.11866666666666667 0.35644677661169416 0.23733333333333334 0.507496251874063
0 0.10666666666666667 0.3568215892053973 0.21333333333333335 0.47976011994003
0 0.10666666666666667 0.5408545727136432 0.21333333333333335 0.11169415292353824
0 -0.28 0.4853823088455772 0.14933333333333335 0.04272863568215892
0 -0.28 0.48425787106446777 0.12 0.020989505247376312
0 0.02 0.5363568215892054 0.037333333333333336 0.017241379310344827
0 0.0033333333333333335 0.5663418290854573 0.006666666666666667 0.01424287856071964
0 0.10666666666666667 0.18628185907046477 0.21333333333333335 0.1386806596701649
0 -0.2773333333333333 0.13980509745127437 0.07466666666666667 0.018740629685157422
0 -0.282 0.16979010494752625 0.08133333333333333 0.04272863568215892
0 0.5466666666666666 0.356071964017991 0.6933333333333334 0.5622188905547226
0 0.5466666666666666 0.356071964017991 0.6133333333333333 0.5172413793103449
0 0.5466666666666666 0.5554722638680659 0.6133333333333333 0.1199400299850075
0 0.32 0.4955022488755622 0.16 0.044977511244377814
0 0.32 0.49587706146926536 0.12533333333333332 0.017241379310344827
0 0.478 0.5498500749625187 0.3933333333333333 0.023238380809595203
0 0.45666666666666667 0.5832083958020989 0.348 0.017991004497751123
0 0.5466666666666666 0.1724137931034483 0.6133333333333333 0.14992503748125938
0 0.322 0.12218890554722639 0.076 0.014992503748125937
0 0.30666666666666664 0.1555472263868066 0.058666666666666666 0.03223388305847077