0 0.5 0.65 1.0 0.10459770114942529
0 0.7773333333333333 0.65 0.38133333333333336 0.011494252873563218
0 0.10266666666666667 0.649712643678161 0.14933333333333335 0.014367816091954023
0 0.7773333333333333 0.6764367816091954 0.38133333333333336 0.011494252873563218
0 0.13733333333333334 0.6761494252873563 0.21866666666666668 0.014367816091954023
0 0.10266666666666667 0.6209770114942529 0.14933333333333335 0.014367816091954023
0 0.8066666666666666 0.6235632183908046 0.3253333333333333 0.011494252873563218
0 0.5 0.42586206896551726 1.0 0.15977011494252874
0 0.5 0.5465517241379311 1.0 0.08160919540229886
0 0.5 0.45948275862068966 0.9466666666666667 0.0005747126436781609
0 0.5 0.5054597701149425 1.0 0.0005747126436781609
0 0.096 0.37385057471264366 0.136 0.014367816091954023
0 0.9053333333333333 0.3741379310344828 0.13333333333333333 0.011494252873563218
0 0.916 0.42011494252873566 0.112 0.026436781609195402
0 0.12266666666666666 0.4060344827586207 0.13866666666666666 0.014367816091954023
0 0.9226666666666666 0.45229885057471264 0.09866666666666667 0.026436781609195402
0 0.10466666666666667 0.4382183908045977 0.10266666666666667 0.014367816091954023
0 0.9126666666666666 0.5281609195402299 0.11866666666666667 0.011494252873563218
0 0.13933333333333334 0.5278735632183909 0.16933333333333334 0.014367816091954023
0 0.9126666666666666 0.5603448275862069 0.11866666666666667 0.011494252873563218
0 0.14 0.5600574712643678 0.17066666666666666 0.014367816091954023
0 0.9026666666666666 0.48247126436781607 0.13866666666666666 0.013218390804597701
0 0.13066666666666665 0.48247126436781607 0.20533333333333334 0.014367816091954023
0 0.5 0.03649425287356322 1.0 0.07298850574712644
0 0.5013333333333333 0.04885057471264368 0.352 0.027586206896551724
0 0.5893333333333334 0.04885057471264368 0.176 0.027586206896551724
0 0.41333333333333333 0.04913793103448276 0.12533333333333332 0.013218390804597701
0 0.59 0.04913793103448276 0.12666666666666668 0.013218390804597701
0 0.072 0.04885057471264368 0.064 0.027586206896551724
0 0.072 0.04885057471264368 0.02666666666666667 0.020689655172413793
0 0.928 0.04885057471264368 0.064 0.027586206896551724
0 0.928 0.04885057471264368 0.058666666666666666 0.020689655172413793
0 0.928 0.04885057471264368 0.058666666666666666 0.020689655172413793
0 0.928 0.04885057471264368 0.058666666666666666 0.020689655172413793
0 0.928 0.04885057471264368 0.058666666666666666 0.020689655172413793
0 0.928 0.04885057471264368 0.058666666666666666 0.020689655172413793
0 0.934 0.04655172413793104 0.07866666666666666 0.020689655172413793
0 0.12733333333333333 0.04798850574712644 0.11066666666666666 0.023563218390804597
0 0.04 0.04741379310344827 0.034666666666666665 0.02471264367816092
0 0.04 0.04741379310344827 0.034666666666666665 0.02471264367816092
0 0.5 0.010919540229885057 1.0 0.022988505747126436
1 0.9526666666666667 0.011206896551724138 0.06533333333333333 0.010919540229885057
2 0.9526666666666667 0.011206896551724138 0.06533333333333333 0.010919540229885057
2 0.9526666666666667 0.011206896551724138 0.06533333333333333 0.010919540229885057
2 0.9526666666666667 0.011206896551724138 0.06533333333333333 0.010919540229885057
0 0.8713333333333333 0.011781609195402299 0.07866666666666666 0.010919540229885057
0 0.49933333333333335 0.011781609195402299 0.11333333333333333 0.010919540229885057
1 0.25066666666666665 0.010919540229885057 0.034666666666666665 0.010344827586206896
2 0.25066666666666665 0.010919540229885057 0.034666666666666665 0.010344827586206896
2 0.25066666666666665 0.010919540229885057 0.034666666666666665 0.010344827586206896
0 0.16466666666666666 0.011781609195402299 0.09466666666666666 0.010919540229885057
1 0.062 0.010632183908045977 0.08933333333333333 0.00632183908045977
2 0.062 0.010632183908045977 0.08933333333333333 0.00632183908045977
2 0.062 0.010632183908045977 0.08933333333333333 0.00632183908045977
2 0.062 0.010632183908045977 0.08933333333333333 0.00632183908045977
2 0.062 0.010632183908045977 0.08933333333333333 0.00632183908045977
0 0.5 0.14195402298850573 1.0 0.13793103448275862
0 0.784 0.14885057471264368 0.24 0.10344827586206896
0 0.772 0.14367816091954022 0.15733333333333333 0.067816091954023
0 0.796 0.15402298850574714 0.15733333333333333 0.067816091954023
0 0.7673333333333333 0.15201149425287355 0.036 0.015517241379310345
0 0.7993333333333333 0.14885057471264368 0.052 0.021839080459770115
0 0.896 0.12816091954022987 0.016 0.006896551724137931
0 0.86 0.10344827586206896 0.018666666666666668 0.008045977011494253
0 0.86 0.10344827586206896 0.018666666666666668 0.008045977011494253
0 0.736 0.09597701149425288 0.029333333333333333 0.011494252873563218
0 0.736 0.09597701149425288 0.029333333333333333 0.011494252873563218
0 0.736 0.09597701149425288 0.029333333333333333 0.011494252873563218
0 0.736 0.09597701149425288 0.029333333333333333 0.011494252873563218
0 0.736 0.09597701149425288 0.029333333333333333 0.011494252873563218
0 0.736 0.09597701149425288 0.029333333333333333 0.011494252873563218
0 0.672 0.1413793103448276 0.016 0.006896551724137931
0 0.672 0.1413793103448276 0.016 0.006896551724137931
0 0.784 0.14195402298850573 0.24 0.11724137931034483
1 0.784 0.14195402298850573 0.24 0.11724137931034483
0 0.208 0.1339080459770115 0.22133333333333333 0.022988505747126436
0 0.352 0.16379310344827586 0.5093333333333333 0.013793103448275862
0 0.5 0.2807471264367816 1.0 0.10862068965517241
0 0.9053333333333333 0.27327586206896554 0.12266666666666666 0.010919540229885057
0 0.8953333333333333 0.2517241379310345 0.14266666666666666 0.01264367816091954
0 0.45866666666666667 0.3112068965517241 0.12533333333333332 0.013218390804597701
0 0.30666666666666664 0.3112068965517241 0.12533333333333332 0.013218390804597701
0 0.30666666666666664 0.29224137931034483 0.12533333333333332 0.013218390804597701
0 0.31733333333333336 0.2517241379310345 0.14666666666666667 0.014942528735632184
0 0.12533333333333332 0.28045977011494255 0.18666666666666668 0.08045977011494253
0 0.12533333333333332 0.28045977011494255 0.18666666666666668 0.08045977011494253
0 0.6093333333333333 0.33477011494252873 0.7173333333333334 0.0005747126436781609
0 0.8886666666666667 0.3120689655172414 0.15866666666666668 0.022988505747126436
0 0.8913333333333333 0.3117816091954023 0.124 0.013218390804597701
0 0.5 0.8954022988505748 1.0 0.06321839080459771
0 0.8466666666666667 0.8959770114942529 0.22666666666666666 0.03793103448275862
0 0.8473333333333334 0.8951149425287356 0.06266666666666666 0.013218390804597701
0 0.58 0.8959770114942529 0.22666666666666666 0.03793103448275862
0 0.5806666666666667 0.8951149425287356 0.12666666666666668 0.013218390804597701
0 0.5 0.7879310344827586 1.0 0.15402298850574714
0 0.10133333333333333 0.735919540229885 0.14666666666666667 0.015517241379310345
0 0.148 0.7675287356321839 0.24 0.014367816091954023
0 0.14733333333333334 0.7905172413793103 0.23866666666666667 0.014367816091954023
0 0.9 0.735919540229885 0.144 0.015517241379310345
0 0.5 0.8396551724137931 1.0 0.05057471264367816
0 0.5133333333333333 0.8146551724137931 0.9733333333333334 0.0005747126436781609
0 0.5013333333333333 0.839367816091954 0.44533333333333336 0.015517241379310345