0 0.24222222222222223 0.10093896713615023 0.3333333333333333 0.04225352112676056
0 0.41733333333333333 0.0539906103286385 0.68 0.04225352112676056
0 0.3982222222222222 0.20031298904538342 0.2613333333333333 0.048513302034428794
0 0.8666666666666667 0.2038341158059468 0.05688888888888889 0.036776212832550864
0 0.8666666666666667 0.2038341158059468 0.05688888888888889 0.036776212832550864
0 0.8666666666666667 0.2038341158059468 0.05688888888888889 0.036776212832550864
0 0.8666666666666667 0.2038341158059468 0.05688888888888889 0.036776212832550864
0 0.13066666666666665 0.20031298904538342 0.10666666666666667 0.048513302034428794
0 0.4866666666666667 0.25273865414710484 0.8133333333333334 0.001564945226917058
0 0.4991111111111111 0.715962441314554 0.8311111111111111 0.0406885758998435
0 0.47688888888888886 0.07003129890453834 0.3191111111111111 0.04929577464788732
0 0.4288888888888889 0.06885758998435054 0.16977777777777778 0.051643192488262914
0 0.8991111111111111 0.07394366197183098 0.015111111111111112 0.02112676056338028
0 0.3302222222222222 0.06416275430359937 0.03288888888888889 0.051643192488262914
0 0.1688888888888889 0.06885758998435054 0.20977777777777779 0.051643192488262914
0 0.4866666666666667 0.11658841940532082 0.84 0.001564945226917058
0 0.4053333333333333 0.18035993740219092 0.176 0.05086071987480438
0 0.48577777777777775 0.18544600938967137 0.0044444444444444444 0.04225352112676056
0 0.136 0.17918622848200313 0.144 0.051643192488262914
0 0.4866666666666667 0.2269170579029734 0.84 0.001564945226917058
0 0.49466666666666664 0.5367762128325508 0.47733333333333333 0.07355242566510173
0 0.49466666666666664 0.4213615023474178 0.5342222222222223 0.10406885758998435
0 0.49466666666666664 0.4182316118935837 0.1288888888888889 0.04616588419405321
0 0.5 0.5183881064162754 0.9182222222222223 0.9287949921752738
0 0.2262222222222222 0.12715179968701096 0.21066666666666667 0.04460093896713615
0 0.38 0.1267605633802817 0.06488888888888888 0.03755868544600939
0 0.3808888888888889 0.1267605633802817 0.04533333333333334 0.02034428794992175
0 0.16 0.1784037558685446 0.08177777777777778 0.026604068857589983
0 0.8306666666666667 0.14788732394366197 0.10755555555555556 0.09389671361502347
0 0.8306666666666667 0.14788732394366197 0.10755555555555556 0.09389671361502347
0 0.5 0.2433489827856025 0.8755555555555555 0.001564945226917058
0 0.5013333333333333 0.8560250391236307 0.8728888888888889 0.001564945226917058
0 0.348 0.9061032863849765 0.043555555555555556 0.03755868544600939
0 0.348 0.9061032863849765 0.043555555555555556 0.03755868544600939
0 0.5288888888888889 0.9061032863849765 0.2862222222222222 0.026604068857589983
0 0.5 0.5582942097026604 0.5093333333333333 0.44522691705790296