0 0.5 0.29160419790104947 1.0 0.06746626686656672
0 0.12466666666666666 0.2919790104947526 0.16666666666666666 0.023238380809595203
1 0.938 0.29160419790104947 0.04666666666666667 0.026986506746626688
2 0.938 0.29160419790104947 0.04666666666666667 0.026986506746626688
2 0.938 0.29160419790104947 0.04666666666666667 0.026986506746626688
2 0.938 0.29160419790104947 0.04666666666666667 0.026986506746626688
2 0.938 0.29160419790104947 0.04666666666666667 0.026986506746626688
2 0.938 0.29160419790104947 0.04666666666666667 0.026986506746626688
2 0.938 0.29160419790104947 0.04666666666666667 0.026986506746626688
2 0.938 0.29160419790104947 0.04666666666666667 0.026986506746626688
2 0.938 0.29160419790104947 0.04666666666666667 0.026986506746626688
0 0.936 0.29160419790104947 0.07466666666666667 0.020989505247376312
0 0.52 0.3249625187406297 0.96 0.0007496251874062968
0 0.5 0.35907046476761617 1.0 0.06746626686656672
0 0.104 0.3594452773613193 0.12533333333333332 0.023238380809595203
0 0.52 0.3924287856071964 0.96 0.0007496251874062968
0 0.5 0.42653673163418293 1.0 0.06746626686656672
0 0.10333333333333333 0.4269115442278861 0.124 0.023238380809595203
0 0.52 0.4598950524737631 0.96 0.0007496251874062968
0 0.5 0.49400299850074963 1.0 0.06746626686656672
0 0.138 0.4943778110944528 0.19066666666666668 0.023238380809595203
0 0.52 0.5273613193403298 0.96 0.0007496251874062968
0 0.5 0.5614692653673163 1.0 0.06746626686656672
0 0.08066666666666666 0.5618440779610195 0.07866666666666666 0.023238380809595203
0 0.52 0.5948275862068966 0.96 0.0007496251874062968
0 0.5 0.6289355322338831 1.0 0.06746626686656672
0 0.104 0.6293103448275862 0.12533333333333332 0.023238380809595203
0 0.52 0.6622938530734632 0.96 0.0007496251874062968
0 0.5 0.6964017991004497 1.0 0.06746626686656672
0 0.12533333333333332 0.696776611694153 0.168 0.023238380809595203
0 0.52 0.72976011994003 0.96 0.0007496251874062968
0 0.5 0.7638680659670165 1.0 0.06746626686656672
0 0.10333333333333333 0.7642428785607196 0.124 0.023238380809595203
0 0.52 0.7972263868065967 0.96 0.0007496251874062968
0 0.5 0.1701649175412294 1.0 0.14842578710644677
0 0.5 0.12968515742128936 1.0 0.06746626686656672
0 0.12466666666666666 0.1300599700149925 0.16666666666666666 0.023238380809595203
0 0.5 0.16304347826086957 1.0 0.0007496251874062968
0 0.128 0.1926536731634183 0.176 0.04047976011994003
0 0.128 0.19227886056971513 0.10933333333333334 0.020239880059970013
0 0.30133333333333334 0.1926536731634183 0.13866666666666666 0.04047976011994003
0 0.302 0.1926536731634183 0.07066666666666667 0.019490254872563718
0 0.512 0.1926536731634183 0.25066666666666665 0.04047976011994003
0 0.5126666666666667 0.1926536731634183 0.18266666666666667 0.019490254872563718
0 0.7413333333333333 0.1926536731634183 0.176 0.04047976011994003
0 0.7413333333333333 0.19227886056971513 0.10933333333333334 0.020239880059970013
0 0.9226666666666666 0.1926536731634183 0.15466666666666667 0.04047976011994003
0 0.9393333333333334 0.19227886056971513 0.12133333333333333 0.020239880059970013
0 0.5 0.2383808095952024 1.0 0.2848575712143928
0 0.5 0.12968515742128936 1.0 0.06746626686656672
0 0.12533333333333332 0.12968515742128936 0.17066666666666666 0.0239880059970015
0 0.5 0.16304347826086957 1.0 0.0007496251874062968
0 0.124 0.19715142428785606 0.248 0.06746626686656672
0 0.37466666666666665 0.19715142428785606 0.248 0.06746626686656672
0 0.6253333333333333 0.19715142428785606 0.248 0.06746626686656672
0 0.876 0.19715142428785606 0.248 0.06746626686656672
0 0.24866666666666667 0.19715142428785606 0.0013333333333333333 0.022488755622188907
0 0.5006666666666667 0.19715142428785606 0.0013333333333333333 0.022488755622188907
0 0.7513333333333333 0.19715142428785606 0.0013333333333333333 0.022488755622188907
0 0.124 0.19715142428785606 0.14933333333333335 0.020989505247376312
0 0.37466666666666665 0.19715142428785606 0.14933333333333335 0.020989505247376312
0 0.6253333333333333 0.19715142428785606 0.14933333333333335 0.020989505247376312
0 0.876 0.19715142428785606 0.14933333333333335 0.020989505247376312
0 0.124 0.2646176911544228 0.248 0.06746626686656672
0 0.37466666666666665 0.2646176911544228 0.248 0.06746626686656672
0 0.6253333333333333 0.2646176911544228 0.248 0.06746626686656672
0 0.876 0.2646176911544228 0.248 0.06746626686656672
0 0.24866666666666667 0.2646176911544228 0.0013333333333333333 0.022488755622188907
0 0.5006666666666667 0.2646176911544228 0.0013333333333333333 0.022488755622188907
0 0.7513333333333333 0.2646176911544228 0.0013333333333333333 0.022488755622188907
0 0.124 0.2646176911544228 0.14933333333333335 0.020989505247376312
0 0.37466666666666665 0.2646176911544228 0.14933333333333335 0.020989505247376312
0 0.6253333333333333 0.2646176911544228 0.14933333333333335 0.020989505247376312
0 0.876 0.2646176911544228 0.14933333333333335 0.020989505247376312
0 0.124 0.3320839580209895 0.248 0.06746626686656672
0 0.37466666666666665 0.3320839580209895 0.248 0.06746626686656672
0 0.6253333333333333 0.3320839580209895 0.248 0.06746626686656672
0 0.876 0.3320839580209895 0.248 0.06746626686656672
0 0.24866666666666667 0.3320839580209895 0.0013333333333333333 0.022488755622188907
0 0.5006666666666667 0.3320839580209895 0.0013333333333333333 0.022488755622188907
0 0.7513333333333333 0.3320839580209895 0.0013333333333333333 0.022488755622188907
0 0.124 0.3320839580209895 0.14933333333333335 0.020989505247376312
0 0.37466666666666665 0.3320839580209895 0.14933333333333335 0.020989505247376312
0 0.6253333333333333 0.3320839580209895 0.14933333333333335 0.020989505247376312
0 0.876 0.3320839580209895 0.14933333333333335 0.020989505247376312
0 0.5 0.8380809595202399 1.0 0.3238380809595202
0 0.5 0.05247376311844078 1.0 0.10494752623688156
0 0.05333333333333334 0.05772113943028486 0.02666666666666667 0.026986506746626688
1 0.932 0.05772113943028486 0.056 0.031484257871064465
2 0.932 0.05772113943028486 0.056 0.031484257871064465
2 0.932 0.05772113943028486 0.056 0.031484257871064465
2 0.932 0.05772113943028486 0.056 0.031484257871064465
2 0.932 0.05772113943028486 0.056 0.031484257871064465
0 0.9613333333333334 0.041979010494752625 0.04533333333333334 0.017991004497751123
0 0.9626666666666667 0.041604197901049474 0.02666666666666667 0.011244377811094454
0 0.5 0.013118440779610194 0.968 0.01424287856071964
0 0.5 0.05772113943028486 0.728 0.043478260869565216
0 0.82 0.05772113943028486 0.04 0.022488755622188907
0 0.82 0.05772113943028486 0.04 0.022488755622188907
0 0.276 0.05772113943028486 0.005333333333333333 0.026986506746626688
0 0.25066666666666665 0.05734632683658171 0.034666666666666665 0.020239880059970013
0 0.196 0.05772113943028486 0.04 0.022488755622188907