0 0.5 0.2556221889055472 1.0 0.11244377811094453
0 0.1 0.2556221889055472 0.12 0.05847076461769116
0 0.11333333333333333 0.2623688155922039 0.09333333333333334 0.044977511244377814
0 0.1 0.25337331334332835 0.10133333333333333 0.049475262368815595
0 0.1 0.25262368815592207 0.029333333333333333 0.005997001499250375
0 0.38666666666666666 0.23088455772113944 0.024 0.013493253373313344
0 0.2853333333333333 0.23875562218890556 0.168 0.023238380809595203
0 0.4886666666666667 0.2747376311844078 0.5746666666666667 0.021739130434782608
0 0.8793333333333333 0.23575712143928035 0.15866666666666668 0.017241379310344827
0 0.6 0.31146926536731634 0.8 0.0007496251874062968
0 0.5 0.36806596701649175 1.0 0.11244377811094453
0 0.1 0.36806596701649175 0.12 0.05847076461769116
0 0.112 0.37368815592203897 0.09066666666666667 0.0472263868065967
0 0.09866666666666667 0.3669415292353823 0.096 0.05022488755622189
0 0.09866666666666667 0.3620689655172414 0.005333333333333333 0.020989505247376312
0 0.09866666666666667 0.3620689655172414 0.037333333333333336 0.0029985007496251873
0 0.2846666666666667 0.3511994002998501 0.16666666666666666 0.023238380809595203
0 0.49133333333333334 0.3868065967016492 0.58 0.019490254872563718
0 0.8793333333333333 0.3482008995502249 0.15866666666666668 0.017241379310344827
0 0.6 0.42391304347826086 0.8 0.0007496251874062968
0 0.5 0.48050974512743627 1.0 0.11244377811094453
0 0.1 0.48050974512743627 0.12 0.05847076461769116
0 0.11466666666666667 0.48425787106446777 0.09066666666666667 0.050974512743628186
0 0.09933333333333333 0.47863568215892055 0.09733333333333333 0.05322338830584707
0 0.09933333333333333 0.47563718140929534 0.030666666666666665 0.006746626686656672
0 0.286 0.4636431784107946 0.16666666666666666 0.023238380809595203
0 0.368 0.49887556221889057 0.3333333333333333 0.020239880059970013
0 0.8793333333333333 0.4606446776611694 0.15866666666666668 0.017241379310344827
0 0.6 0.5363568215892054 0.8 0.0007496251874062968
0 0.5 0.5929535232383808 1.0 0.11244377811094453
0 0.6 0.6488005997001499 0.8 0.0007496251874062968
0 0.1 0.5929535232383808 0.12 0.05847076461769116
0 0.11333333333333333 0.5974512743628186 0.088 0.049475262368815595
0 0.1 0.5899550224887556 0.09333333333333334 0.05247376311844078
0 0.11533333333333333 0.5798350824587706 0.02266666666666667 0.012743628185907047
0 0.2846666666666667 0.5760869565217391 0.16666666666666666 0.023238380809595203
0 0.44266666666666665 0.6120689655172413 0.4826666666666667 0.021739130434782608
0 0.88 0.573088455772114 0.15733333333333333 0.017241379310344827
0 0.5 0.7053973013493253 1.0 0.11244377811094453
0 0.1 0.7053973013493253 0.12 0.05847076461769116
0 0.118 0.7113943028485757 0.076 0.047976011994003
0 0.09933333333333333 0.6802848575712144 0.030666666666666665 0.0037481259370314842
0 0.086 0.6802848575712144 0.006666666666666667 0.008245877061469266
0 0.11266666666666666 0.6802848575712144 0.006666666666666667 0.008245877061469266
0 0.09933333333333333 0.7027736131934033 0.08133333333333333 0.05022488755622189
0 0.09066666666666667 0.7053973013493253 0.018666666666666668 0.010494752623688156
0 0.106 0.7031484257871065 0.025333333333333333 0.014992503748125937
0 0.2853333333333333 0.6885307346326837 0.168 0.023238380809595203
0 0.424 0.724512743628186 0.44533333333333336 0.021739130434782608
0 0.88 0.6855322338830585 0.15733333333333333 0.017241379310344827
0 0.5 0.8313343328335832 1.0 0.11244377811094453
0 0.1 0.8313343328335832 0.12 0.05847076461769116
0 0.11466666666666667 0.8350824587706147 0.09066666666666667 0.050974512743628186
0 0.10133333333333333 0.8290854572713643 0.096 0.053973013493253376
0 0.10133333333333333 0.8290854572713643 0.005333333333333333 0.020989505247376312
0 0.10133333333333333 0.8290854572713643 0.037333333333333336 0.0029985007496251873
0 0.2853333333333333 0.8144677661169415 0.168 0.023238380809595203
0 0.4053333333333333 0.8497001499250375 0.408 0.020239880059970013
0 0.8833333333333333 0.8114692653673163 0.15066666666666667 0.017241379310344827
0 0.6 0.8871814092953523 0.8 0.0007496251874062968
0 0.5 0.9437781109445277 1.0 0.11244377811094453
0 0.1 0.9437781109445277 0.12 0.05847076461769116
0 0.118 0.9490254872563718 0.084 0.046476761619190406
0 0.10066666666666667 0.9407796101949025 0.08933333333333333 0.049475262368815595
0 0.10066666666666667 0.9407796101949025 0.030666666666666665 0.005997001499250375
0 0.2853333333333333 0.926911544227886 0.168 0.023238380809595203
0 0.37066666666666664 0.9625187406296851 0.33866666666666667 0.019490254872563718
0 0.88 0.9239130434782609 0.15733333333333333 0.017241379310344827
0 0.5 0.1409295352323838 1.0 0.08995502248875563
0 0.8993333333333333 0.14617691154422788 0.20133333333333334 0.07946026986506746
0 0.784 0.17616191904047976 0.13333333333333333 0.019490254872563718
0 0.7 0.13193403298350825 0.04 0.022488755622188907
0 0.134 0.1454272863568216 0.24933333333333332 0.08095952023988005
0 0.236 0.16904047976011993 0.104 0.03373313343328336
0 0.23333333333333334 0.17203898050974512 0.10133333333333333 0.027736131934032984
0 0.21933333333333332 0.17503748125937033 0.06266666666666666 0.021739130434782608
0 0.43866666666666665 0.1409295352323838 0.4746666666666667 0.025487256371814093
0 0.43866666666666665 0.1409295352323838 0.4746666666666667 0.025487256371814093
0 0.43866666666666665 0.1409295352323838 0.4746666666666667 0.025487256371814093
0 0.43866666666666665 0.1409295352323838 0.4746666666666667 0.025487256371814093
0 0.43866666666666665 0.1409295352323838 0.4746666666666667 0.025487256371814093
0 0.43866666666666665 0.1409295352323838 0.4746666666666667 0.025487256371814093
0 0.43866666666666665 0.1409295352323838 0.4746666666666667 0.025487256371814093
0 0.43866666666666665 0.1409295352323838 0.4746666666666667 0.025487256371814093
0 0.43866666666666665 0.1409295352323838 0.4746666666666667 0.025487256371814093
0 0.43866666666666665 0.1409295352323838 0.4746666666666667 0.025487256371814093
0 0.43866666666666665 0.1409295352323838 0.4746666666666667 0.025487256371814093
0 0.43866666666666665 0.1409295352323838 0.4746666666666667 0.025487256371814093
0 0.43866666666666665 0.1409295352323838 0.4746666666666667 0.025487256371814093
0 0.43866666666666665 0.1409295352323838 0.4746666666666667 0.025487256371814093
0 0.43866666666666665 0.1409295352323838 0.4746666666666667 0.025487256371814093
0 0.43866666666666665 0.1409295352323838 0.4746666666666667 0.025487256371814093
0 0.43866666666666665 0.1409295352323838 0.4746666666666667 0.025487256371814093
0 0.43866666666666665 0.1409295352323838 0.4746666666666667 0.025487256371814093
0 0.43866666666666665 0.1409295352323838 0.4746666666666667 0.025487256371814093
0 0.43866666666666665 0.1409295352323838 0.4746666666666667 0.025487256371814093
0 0.43866666666666665 0.1409295352323838 0.4746666666666667 0.025487256371814093
0 0.43866666666666665 0.1409295352323838 0.4746666666666667 0.025487256371814093
0 0.43866666666666665 0.1409295352323838 0.4746666666666667 0.025487256371814093
0 0.43866666666666665 0.1409295352323838 0.4746666666666667 0.025487256371814093
0 0.43866666666666665 0.1409295352323838 0.4746666666666667 0.025487256371814093
0 0.43866666666666665 0.1409295352323838 0.4746666666666667 0.025487256371814093
0 0.43866666666666665 0.1409295352323838 0.4746666666666667 0.025487256371814093
0 0.43866666666666665 0.1409295352323838 0.4746666666666667 0.025487256371814093
0 0.43866666666666665 0.1409295352323838 0.4746666666666667 0.025487256371814093
0 0.43866666666666665 0.1409295352323838 0.4746666666666667 0.025487256371814093
0 0.43866666666666665 0.1409295352323838 0.4746666666666667 0.025487256371814093
0 0.43866666666666665 0.1409295352323838 0.4746666666666667 0.025487256371814093
0 0.43866666666666665 0.1409295352323838 0.4746666666666667 0.025487256371814093
0 0.43866666666666665 0.1409295352323838 0.4746666666666667 0.025487256371814093
0 0.43866666666666665 0.1409295352323838 0.4746666666666667 0.025487256371814093
0 0.43866666666666665 0.1409295352323838 0.4746666666666667 0.025487256371814093
0 0.43866666666666665 0.1409295352323838 0.4746666666666667 0.025487256371814093
0 0.43866666666666665 0.1409295352323838 0.4746666666666667 0.025487256371814093
0 0.43866666666666665 0.1409295352323838 0.4746666666666667 0.025487256371814093
0 0.43866666666666665 0.1409295352323838 0.4746666666666667 0.025487256371814093
0 0.43866666666666665 0.1409295352323838 0.4746666666666667 0.025487256371814093
0 0.43866666666666665 0.1409295352323838 0.4746666666666667 0.025487256371814093
0 0.43866666666666665 0.1409295352323838 0.4746666666666667 0.025487256371814093
0 0.88 0.1409295352323838 0.176 0.04047976011994003
0 0.8793333333333333 0.14130434782608695 0.124 0.017241379310344827
0 0.5 0.05247376311844078 1.0 0.10494752623688156
0 0.05333333333333334 0.05772113943028486 0.02666666666666667 0.026986506746626688
0 0.5 0.05772113943028486 0.18666666666666668 0.025487256371814093
0 0.5 0.013118440779610194 0.968 0.01424287856071964