0 0.5 0.17245240761478164 1.0 0.20156774916013437
0 0.5 0.21836506159014557 1.0 0.10974244120940649
0 0.6173333333333333 0.18924972004479285 0.096 0.02127659574468085
0 0.9606666666666667 0.24188129899216126 0.07866666666666666 0.0335946248600224
0 0.14733333333333334 0.2620380739081747 0.12133333333333333 0.022396416573348264
0 0.8033333333333333 0.18169092945128779 0.012 0.005039193729003359
0 0.5426666666666666 0.10694288913773796 0.008 0.0033594624860022394
0 0.29333333333333333 0.1702127659574468 0.008 0.0033594624860022394
0 0.016 0.23236282194848823 0.008 0.0033594624860022394
0 0.222 0.14109742441209405 0.009333333333333334 0.004479283314669653
0 0.09733333333333333 0.24020156774916013 0.010666666666666666 0.004479283314669653
0 0.6213333333333333 0.07866741321388578 0.013333333333333334 0.005039193729003359
0 0.4746666666666667 0.0887458006718925 0.010666666666666666 0.003919372900335946
0 0.15466666666666667 0.18952967525195968 0.013333333333333334 0.005039193729003359
0 0.23333333333333334 0.0982642777155655 0.010666666666666666 0.003919372900335946
0 0.924 0.14613661814109744 0.010666666666666666 0.004479283314669653
0 0.7353333333333333 0.0982642777155655 0.009333333333333334 0.003919372900335946
0 0.043333333333333335 0.08426651735722285 0.009333333333333334 0.003919372900335946
0 0.076 0.15873460246360582 0.152 0.12038073908174692
0 0.076 0.14837625979843225 0.152 0.09966405375139978
0 0.08 0.20520716685330348 0.06666666666666667 0.025195968645016796
0 0.13133333333333333 0.13381858902575589 0.04133333333333333 0.020156774916013438
0 0.076 0.15033594624860022 0.04533333333333334 0.018477043673012318
0 0.016 0.16993281075027997 0.032 0.018477043673012318
0 0.014 0.20212765957446807 0.028 0.011198208286674132
0 0.07133333333333333 0.11366181410974244 0.03866666666666667 0.013437849944008958
0 0.8546666666666667 0.11086226203807391 0.112 0.03919372900335946
0 0.8546666666666667 0.11086226203807391 0.112 0.03919372900335946
0 0.8546666666666667 0.11086226203807391 0.112 0.03919372900335946
0 0.838 0.11478163493840986 0.07866666666666666 0.03135498320268757
0 0.838 0.11478163493840986 0.07866666666666666 0.03135498320268757
0 0.838 0.11478163493840986 0.07866666666666666 0.03135498320268757
0 0.8546666666666667 0.11086226203807391 0.112 0.03919372900335946
0 0.912 0.12010078387458006 0.09333333333333334 0.024076147816349383
0 0.9066666666666666 0.12094064949608063 0.06933333333333333 0.0167973124300112
0 0.916 0.11786114221724524 0.06933333333333333 0.016237402015677492
0 0.8973333333333333 0.11646136618141098 0.02666666666666667 0.007838745800671893
0 0.9206666666666666 0.12178051511758119 0.028 0.0083986562150056
0 0.804 0.09378499440089585 0.072 0.016237402015677492
0 0.8 0.09434490481522956 0.048 0.011758118701007838
0 0.81 0.09238521836506158 0.04933333333333333 0.011198208286674132
0 0.7946666666666666 0.09126539753639418 0.02666666666666667 0.005599104143337066
0 0.812 0.09518477043673013 0.02666666666666667 0.005599104143337066
0 0.5 0.21780515117581187 0.44 0.043673012318029114
0 0.5293333333333333 0.21808510638297873 0.296 0.017357222844344905
0 0.3453333333333333 0.21780515117581187 0.050666666666666665 0.02127659574468085
0 0.5 0.1707726763717805 0.032 0.006718924972004479
0 0.5 0.1786114221724524 0.032 0.006718924972004479
0 0.5006666666666667 0.1433370660694289 0.5186666666666667 0.055991041433370664
0 0.5 0.3650615901455767 1.0 0.16349384098544234
0 0.13333333333333333 0.4118141097424412 0.184 0.015117581187010079
0 0.48733333333333334 0.37094064949608063 0.892 0.03975363941769317
0 0.412 0.3202687569988802 0.7413333333333333 0.019036954087346025
0 0.5 0.5386338185890257 1.0 0.16349384098544234
0 0.13333333333333333 0.5853863381858903 0.184 0.015117581187010079
0 0.4866666666666667 0.5445128779395296 0.8906666666666667 0.03975363941769317
0 0.3413333333333333 0.49384098544232924 0.5946666666666667 0.019036954087346025
0 0.5 0.7284434490481523 1.0 0.1959686450167973
0 0.13333333333333333 0.7908734602463606 0.184 0.015117581187010079
0 0.48733333333333334 0.75 0.892 0.03975363941769317
0 0.486 0.683090705487122 0.8893333333333333 0.048152295632698766
0 0.5 0.9182530795072789 1.0 0.16349384098544234
0 0.13333333333333333 0.9650055991041433 0.184 0.015117581187010079
0 0.4866666666666667 0.9241321388577828 0.8906666666666667 0.03975363941769317
0 0.34 0.8734602463605823 0.5973333333333334 0.019036954087346025
0 0.9066666666666666 0.9608062709966405 0.10666666666666667 0.04479283314669653
0 0.9066666666666666 0.9608062709966405 0.042666666666666665 0.020156774916013438
0 0.9066666666666666 0.9608062709966405 0.042666666666666665 0.020156774916013438
0 0.5 0.03919372900335946 1.0 0.07838745800671892
0 0.5 0.04311310190369541 0.728 0.032474804031354984
1 0.3253333333333333 0.04311310190369541 0.184 0.014557670772676373
0 0.196 0.04311310190369541 0.04 0.0167973124300112
1 0.05333333333333334 0.04311310190369541 0.02666666666666667 0.020156774916013438
1 0.9386666666666666 0.04311310190369541 0.042666666666666665 0.0033594624860022394
2 0.9386666666666666 0.04311310190369541 0.042666666666666665 0.0033594624860022394
2 0.9386666666666666 0.04311310190369541 0.042666666666666665 0.0033594624860022394
0 0.5 0.009798432250839866 0.968 0.010638297872340425