0 0.7533333333333333 -1.4597058823529412 1.0 0.06529411764705882
0 0.932 1.3452941176470588 0.034666666666666665 0.015294117647058824
0 0.9326666666666666 1.3573529411764707 0.052 0.012352941176470587
0 0.156 0.5305882352941177 0.21333333333333335 0.0611764705882353
0 0.13666666666666666 0.5261764705882352 0.20666666666666667 0.05941176470588235
0 0.6373333333333333 0.528235294117647 0.12266666666666666 0.07882352941176471
0 0.6426666666666667 0.5311764705882352 0.24266666666666667 0.06941176470588235
0 0.16133333333333333 0.4335294117647059 0.14133333333333334 0.06235294117647059
0 0.5013333333333333 0.18529411764705883 1.0 0.001176470588235294
0 0.612 0.17911764705882352 0.136 0.020588235294117647
0 0.5 0.1376470588235294 1.0 0.2752941176470588
0 0.36333333333333334 0.1797058823529412 0.4066666666666667 0.17941176470588235
0 0.16266666666666665 0.15058823529411763 0.3253333333333333 0.2376470588235294
0 0.7213333333333334 0.1726470588235294 0.23733333333333334 0.10411764705882352
0 0.8746666666666667 0.20470588235294118 0.25066666666666665 0.12941176470588237
0 0.43 0.049705882352941176 0.236 0.09941176470588235
0 0.8313333333333334 0.08764705882352941 0.3373333333333333 0.16588235294117648
1 0.06266666666666666 0.015 0.09066666666666667 0.006470588235294118
2 0.06266666666666666 0.015 0.09066666666666667 0.006470588235294118
2 0.06266666666666666 0.015 0.09066666666666667 0.006470588235294118
2 0.06266666666666666 0.015 0.09066666666666667 0.006470588235294118
2 0.06266666666666666 0.015 0.09066666666666667 0.006470588235294118
2 0.06266666666666666 0.015 0.09066666666666667 0.006470588235294118
2 0.06266666666666666 0.015 0.09066666666666667 0.006470588235294118
2 0.06266666666666666 0.015 0.09066666666666667 0.006470588235294118
0 0.16133333333333333 0.01588235294117647 0.08533333333333333 0.010588235294117647
1 0.25133333333333335 0.014705882352941176 0.036 0.010588235294117647
2 0.25133333333333335 0.014705882352941176 0.036 0.010588235294117647
2 0.25133333333333335 0.014705882352941176 0.036 0.010588235294117647
0 0.5013333333333333 0.016176470588235296 0.11466666666666667 0.01
0 0.856 0.01588235294117647 0.06933333333333333 0.010588235294117647
0 0.9333333333333333 0.015 0.06666666666666667 0.011176470588235295
0 0.9333333333333333 0.015 0.06666666666666667 0.011176470588235295
0 0.9333333333333333 0.015 0.06666666666666667 0.011176470588235295
0 0.9306666666666666 0.015 0.056 0.008823529411764706
0 0.982 0.014705882352941176 0.014666666666666666 0.011764705882352941
0 0.5 0.22823529411764706 1.0 0.08235294117647059
0 0.9506666666666667 0.22823529411764706 0.013333333333333334 0.010588235294117647
0 0.35133333333333333 0.08588235294117647 0.18533333333333332 0.02
0 0.4693333333333333 0.11852941176470588 0.4266666666666667 0.014705882352941176
0 0.9226666666666666 0.04352941176470588 0.072 0.015294117647058824
0 0.06666666666666667 0.07647058823529412 0.02666666666666667 0.021176470588235293
0 0.124 0.7738235294117647 0.048 0.012352941176470587
0 0.5 0.46058823529411763 1.0 0.3588235294117647
0 0.5 0.5208823529411765 1.0 0.000588235294117647
0 0.5 0.46058823529411763 1.0 0.001176470588235294
0 0.5 0.40058823529411763 1.0 0.001176470588235294
0 0.5 0.34058823529411764 1.0 0.001176470588235294
0 0.5 0.5805882352941176 1.0 0.001176470588235294
0 0.2 0.4302941176470588 0.14666666666666667 0.01588235294117647
0 0.07066666666666667 0.4314705882352941 0.042666666666666665 0.013529411764705882
0 0.23733333333333334 0.37029411764705883 0.22133333333333333 0.01588235294117647
0 0.2 0.31441176470588234 0.14666666666666667 0.01588235294117647
0 0.894 0.315 0.017333333333333333 0.011176470588235295
0 0.2 0.4908823529411765 0.14666666666666667 0.01588235294117647
0 0.068 0.4923529411764706 0.048 0.021176470588235293
0 0.06933333333333333 0.3711764705882353 0.042666666666666665 0.018823529411764704
0 0.06933333333333333 0.31529411764705884 0.048 0.01647058823529412
0 0.07 0.5514705882352942 0.04666666666666667 0.020588235294117647
0 0.07 0.6114705882352941 0.04666666666666667 0.020588235294117647
0 0.21866666666666668 0.5511764705882353 0.184 0.015294117647058824
0 0.21866666666666668 0.6102941176470589 0.184 0.01588235294117647
0 0.9493333333333334 0.49176470588235294 0.013333333333333334 0.010588235294117647
0 0.9493333333333334 0.43 0.013333333333333334 0.010588235294117647
0 0.9493333333333334 0.37058823529411766 0.013333333333333334 0.010588235294117647
0 0.7293333333333333 0.37029411764705883 0.34933333333333333 0.013529411764705882
0 0.9493333333333334 0.31470588235294117 0.013333333333333334 0.010588235294117647
0 0.9493333333333334 0.6111764705882353 0.013333333333333334 0.010588235294117647
0 0.9493333333333334 0.5511764705882353 0.013333333333333334 0.010588235294117647
0 0.6053333333333333 0.23794117647058824 0.25066666666666665 0.031176470588235295
0 0.5 0.7714705882352941 1.0 0.23941176470588235
0 0.5 0.7111764705882353 1.0 0.001176470588235294
0 0.5 0.7711764705882352 1.0 0.001176470588235294
0 0.5 0.8311764705882353 1.0 0.001176470588235294
0 0.20266666666666666 0.8611764705882353 0.14666666666666667 0.015294117647058824
0 0.06933333333333333 0.861764705882353 0.048 0.021176470588235293
0 0.22133333333333333 0.8014705882352942 0.184 0.01588235294117647
0 0.06933333333333333 0.8011764705882353 0.048 0.021176470588235293
0 0.952 0.8611764705882353 0.013333333333333334 0.010588235294117647
0 0.952 0.8011764705882353 0.013333333333333334 0.010588235294117647
0 0.22133333333333333 0.7426470588235294 0.184 0.01588235294117647
0 0.06933333333333333 0.7429411764705882 0.048 0.01764705882352941
0 0.866 0.7432352941176471 0.09466666666666666 0.013529411764705882
0 0.21866666666666668 0.6811764705882353 0.184 0.015294117647058824
0 0.06666666666666667 0.6811764705882353 0.042666666666666665 0.021176470588235293
0 0.9493333333333334 0.7429411764705882 0.013333333333333334 0.010588235294117647
0 0.9493333333333334 0.6835294117647058 0.013333333333333334 0.010588235294117647
0 0.13333333333333333 0.1 0.16266666666666665 0.07176470588235294
0 0.8346666666666667 0.22764705882352942 0.13333333333333333 0.02823529411764706
0 0.834 0.22794117647058823 0.06533333333333333 0.014705882352941176
0 0.16066666666666668 0.22823529411764706 0.07066666666666667 0.015294117647058824
0 0.2733333333333333 0.22852941176470587 0.09066666666666667 0.014705882352941176
0 0.07733333333333334 0.2273529411764706 0.056 0.025294117647058825
0 0.07733333333333334 0.2273529411764706 0.056 0.025294117647058825
0 0.07733333333333334 0.2273529411764706 0.05333333333333334 0.02411764705882353
1 0.07733333333333334 0.2273529411764706 0.05333333333333334 0.02411764705882353
0 0.06933333333333333 0.22794117647058823 0.013333333333333334 0.0029411764705882353
0 0.06933333333333333 0.22588235294117648 0.013333333333333334 0.0058823529411764705
0 0.07 0.22588235294117648 0.014666666666666666 0.0058823529411764705
0 0.07 0.22588235294117648 0.014666666666666666 0.0058823529411764705
0 0.06933333333333333 0.2238235294117647 0.013333333333333334 0.0029411764705882353
0 0.07 0.22588235294117648 0.006666666666666667 0.0035294117647058825
0 0.07066666666666667 0.2252941176470588 0.0026666666666666666 0.001176470588235294
0 0.08533333333333333 0.22794117647058823 0.013333333333333334 0.0029411764705882353
0 0.08533333333333333 0.22588235294117648 0.013333333333333334 0.0058823529411764705
0 0.08466666666666667 0.22588235294117648 0.014666666666666666 0.0058823529411764705
0 0.08466666666666667 0.22588235294117648 0.014666666666666666 0.0058823529411764705
0 0.08533333333333333 0.2238235294117647 0.013333333333333334 0.0029411764705882353
0 0.084 0.22588235294117648 0.008 0.0035294117647058825
0 0.08533333333333333 0.2252941176470588 0.0026666666666666666 0.001176470588235294
0 0.07466666666666667 0.2185294117647059 0.013333333333333334 0.00411764705882353
0 0.092 0.2214705882352941 0.008 0.0029411764705882353
0 0.06266666666666666 0.21911764705882353 0.005333333333333333 0.0017647058823529412
0 0.058 0.2223529411764706 0.009333333333333334 0.0035294117647058825
0 0.086 0.22823529411764706 0.03333333333333333 0.021176470588235293
0 0.49866666666666665 0.9711764705882353 0.9973333333333333 0.05764705882352941
0 0.49933333333333335 0.9426470588235294 0.9986666666666667 0.000588235294117647
0 0.2966666666666667 0.9876470588235294 0.052 0.011764705882352941
0 0.49933333333333335 0.9876470588235294 0.052 0.011764705882352941
0 0.698 0.9876470588235294 0.052 0.011764705882352941
0 0.898 0.9873529411764705 0.052 0.011176470588235295
0 0.096 0.9876470588235294 0.050666666666666665 0.011764705882352941
0 0.082 0.9544117647058824 0.030666666666666665 0.008823529411764706
0 0.11 0.9544117647058824 0.030666666666666665 0.008823529411764706
0 0.096 0.9655882352941176 0.05333333333333334 0.017058823529411765
0 0.096 0.9655882352941176 0.05333333333333334 0.017058823529411765
0 0.096 0.9655882352941176 0.05333333333333334 0.017058823529411765
0 0.096 0.9655882352941176 0.05333333333333334 0.017058823529411765
0 0.07866666666666666 0.9676470588235294 0.0026666666666666666 0.012941176470588235
0 0.11333333333333333 0.9676470588235294 0.0026666666666666666 0.012941176470588235
0 0.096 0.961764705882353 0.037333333333333336 0.001176470588235294
0 0.09333333333333334 0.9676470588235294 0.021333333333333333 0.00823529411764706
0 0.09333333333333334 0.9676470588235294 0.021333333333333333 0.00823529411764706
0 0.09333333333333334 0.9676470588235294 0.021333333333333333 0.00823529411764706
0 0.09333333333333334 0.9676470588235294 0.021333333333333333 0.00823529411764706
0 0.09333333333333334 0.9676470588235294 0.021333333333333333 0.00823529411764706
0 0.096 0.9623529411764706 0.058666666666666666 0.02588235294117647
0 0.29733333333333334 0.9623529411764706 0.058666666666666666 0.02588235294117647
0 0.49866666666666665 0.9623529411764706 0.058666666666666666 0.02588235294117647
0 0.6973333333333334 0.9623529411764706 0.058666666666666666 0.02588235294117647
0 0.8986666666666666 0.9623529411764706 0.058666666666666666 0.02588235294117647
0 0.296 0.9623529411764706 0.05333333333333334 0.023529411764705882
0 0.296 0.9623529411764706 0.05333333333333334 0.023529411764705882
0 0.296 0.9623529411764706 0.016 0.010588235294117647
0 0.296 0.9623529411764706 0.016 0.010588235294117647
0 0.296 0.9623529411764706 0.016 0.010588235294117647
0 0.296 0.9623529411764706 0.016 0.010588235294117647
0 0.296 0.9623529411764706 0.016 0.010588235294117647
0 0.296 0.9623529411764706 0.016 0.010588235294117647
0 0.32266666666666666 0.9535294117647058 0.032 0.01411764705882353
0 0.32266666666666666 0.9532352941176471 0.013333333333333334 0.008823529411764706
0 0.49866666666666665 0.9629411764705882 0.05333333333333334 0.024705882352941175
0 0.49866666666666665 0.9629411764705882 0.05333333333333334 0.024705882352941175
0 0.49866666666666665 0.9629411764705882 0.05333333333333334 0.024705882352941175
0 0.49866666666666665 0.9629411764705882 0.05333333333333334 0.024705882352941175
0 0.49866666666666665 0.9629411764705882 0.05333333333333334 0.024705882352941175
0 0.49866666666666665 0.9629411764705882 0.05333333333333334 0.024705882352941175
0 0.49866666666666665 0.9629411764705882 0.05333333333333334 0.024705882352941175
0 0.49866666666666665 0.9629411764705882 0.05333333333333334 0.024705882352941175
0 0.49866666666666665 0.9629411764705882 0.05333333333333334 0.024705882352941175
0 0.49866666666666665 0.9588235294117647 0.018666666666666668 0.001176470588235294
0 0.49066666666666664 0.96 0.0026666666666666666 0.0035294117647058825
0 0.5066666666666667 0.96 0.0026666666666666666 0.0035294117647058825
0 0.49866666666666665 0.9611764705882353 0.018666666666666668 0.001176470588235294
0 0.8986666666666666 0.9623529411764706 0.05333333333333334 0.023529411764705882
0 0.8986666666666666 0.9623529411764706 0.05333333333333334 0.023529411764705882
0 0.8986666666666666 0.9688235294117648 0.021333333333333333 0.001176470588235294
0 0.8986666666666666 0.9582352941176471 0.016 0.001176470588235294
0 0.892 0.9547058823529412 0.0026666666666666666 0.00823529411764706
0 0.9053333333333333 0.9547058823529412 0.0026666666666666666 0.00823529411764706
0 0.696 0.9697058823529412 0.050666666666666665 0.008823529411764706
0 0.696 0.9697058823529412 0.050666666666666665 0.008823529411764706
0 0.672 0.9655882352941176 0.0026666666666666666 0.008823529411764706
0 0.72 0.9655882352941176 0.0026666666666666666 0.008823529411764706
0 0.696 0.9552941176470588 0.05333333333333334 0.009411764705882352
0 0.696 0.9552941176470588 0.05333333333333334 0.009411764705882352
0 0.696 0.9552941176470588 0.05333333333333334 0.009411764705882352
0 0.696 0.9594117647058824 0.05333333333333334 0.0058823529411764705
0 0.696 0.9594117647058824 0.05333333333333334 0.0058823529411764705
0 0.696 0.9594117647058824 0.05333333333333334 0.0058823529411764705
0 0.696 0.9594117647058824 0.05333333333333334 0.0058823529411764705
0 0.696 0.9594117647058824 0.05333333333333334 0.0058823529411764705
0 0.696 0.9594117647058824 0.05333333333333334 0.0058823529411764705
0 0.696 0.9605882352941176 0.034666666666666665 0.002352941176470588
0 0.696 0.9605882352941176 0.034666666666666665 0.002352941176470588
0 0.696 0.9605882352941176 0.034666666666666665 0.002352941176470588
0 0.696 0.9605882352941176 0.034666666666666665 0.002352941176470588
0 0.696 0.9605882352941176 0.034666666666666665 0.002352941176470588
0 0.696 0.9605882352941176 0.034666666666666665 0.002352941176470588