0 0.49866666666666665 0.42091454272863565 0.17066666666666666 0.07421289355322339
0 0.48933333333333334 0.4096701649175412 0.128 0.05922038980509745
0 0.49533333333333335 0.4126686656671664 0.10266666666666667 0.04572713643178411
0 0.4886666666666667 0.4096701649175412 0.10533333333333333 0.0472263868065967
0 0.48 0.444527736131934 0.14666666666666667 0.014992503748125937
0 0.41733333333333333 0.4441529235382309 0.021333333333333333 0.015742128935532233
0 0.5353333333333333 0.45239880059970017 0.004 0.005247376311844078
0 0.49266666666666664 0.4179160419790105 0.172 0.07571214392803598
0 0.512 0.4381559220389805 0.08266666666666667 0.0022488755622188904
0 0.4746666666666667 0.4025487256371814 0.005333333333333333 0.0029985007496251873
0 0.4786666666666667 0.4025487256371814 0.005333333333333333 0.0029985007496251873
0 0.4746666666666667 0.4047976011994003 0.005333333333333333 0.0029985007496251873
0 0.4713333333333333 0.4047976011994003 0.004 0.0029985007496251873
0 0.4713333333333333 0.40667166416791606 0.004 0.0022488755622188904
0 0.468 0.40667166416791606 0.005333333333333333 0.0022488755622188904
0 0.5026666666666667 0.4025487256371814 0.005333333333333333 0.0029985007496251873
0 0.49866666666666665 0.4025487256371814 0.005333333333333333 0.0029985007496251873
0 0.5026666666666667 0.4047976011994003 0.005333333333333333 0.0029985007496251873
0 0.506 0.4047976011994003 0.004 0.0029985007496251873
0 0.506 0.40667166416791606 0.004 0.0022488755622188904
0 0.5093333333333333 0.40667166416791606 0.005333333333333333 0.0022488755622188904
0 0.498 0.41529235382308843 0.004 0.004497751124437781
0 0.5013333333333333 0.4160419790104948 0.005333333333333333 0.0029985007496251873
0 0.4886666666666667 0.4122938530734633 0.017333333333333333 0.0029985007496251873
0 0.47533333333333333 0.4160419790104948 0.004 0.0029985007496251873
0 0.4886666666666667 0.414167916041979 0.017333333333333333 0.0022488755622188904
0 0.4786666666666667 0.41529235382308843 0.005333333333333333 0.004497751124437781
0 0.5 0.047976011994003 1.0 0.095952023988006
0 0.052 0.06296851574212893 0.02666666666666667 0.025487256371814093
0 0.118 0.06334332833583209 0.08133333333333333 0.023238380809595203
0 0.5 0.06296851574212893 0.18933333333333333 0.025487256371814093
0 0.024 0.015367316341829085 0.016 0.009745127436281859
0 0.042666666666666665 0.015367316341829085 0.016 0.009745127436281859
0 0.06133333333333333 0.015367316341829085 0.016 0.009745127436281859
0 0.08 0.015367316341829085 0.016 0.009745127436281859
0 0.08 0.015367316341829085 0.016 0.009745127436281859
0 0.09866666666666667 0.015367316341829085 0.016 0.009745127436281859
0 0.09866666666666667 0.015367316341829085 0.016 0.009745127436281859
1 0.13466666666666666 0.014992503748125937 0.032 0.014992503748125937
2 0.13466666666666666 0.014992503748125937 0.032 0.014992503748125937
2 0.13466666666666666 0.014992503748125937 0.032 0.014992503748125937
0 0.5013333333333333 0.015742128935532233 0.10933333333333334 0.013493253373313344
0 0.952 0.015367316341829085 0.06133333333333333 0.015742128935532233
0 0.952 0.015367316341829085 0.06133333333333333 0.015742128935532233
0 0.956 0.015367316341829085 0.064 0.012743628185907047
0 0.956 0.015367316341829085 0.064 0.012743628185907047
0 0.8793333333333333 0.015742128935532233 0.05733333333333333 0.013493253373313344
1 0.8233333333333334 0.015367316341829085 0.02266666666666667 0.021739130434782608
2 0.8233333333333334 0.015367316341829085 0.02266666666666667 0.021739130434782608
2 0.8233333333333334 0.015367316341829085 0.02266666666666667 0.021739130434782608
0 0.5 0.5569715142428786 0.25333333333333335 0.043478260869565216
0 0.49933333333333335 0.5573463268365817 0.068 0.018740629685157422
0 0.5 0.5041229385307346 0.5093333333333333 0.024737631184407798