0 0.5 0.073 1.0 0.146
0 0.5 0.073 1.0 0.146
0 0.6 0.0555 0.2773333333333333 0.059
0 0.672 0.0695 0.25066666666666665 0.047
0 0.348 0.069 0.19466666666666665 0.058
0 0.32133333333333336 0.12 0.31733333333333336 0.052
0 0.17466666666666666 0.0715 0.34933333333333333 0.143
0 0.017333333333333333 0.0825 0.034666666666666665 0.013
0 0.11333333333333333 0.078 0.744 0.278
0 0.544 0.0355 0.7093333333333334 0.071
0 0.6013333333333334 0.0405 0.38133333333333336 0.143
0 0.532 0.026 0.41333333333333333 0.154
0 0.56 0.016 0.2773333333333333 0.032
0 0.904 0.073 0.192 0.146
0 0.908 0.071 0.184 0.142
0 0.5253333333333333 0.12 0.5013333333333333 0.052
0 0.4786666666666667 0.1185 0.232 0.035
0 1.1226666666666667 1.34 1.0666666666666667 0.394
0 0.8933333333333333 1.3185 0.5813333333333334 0.219
0 0.4026666666666667 0.1385 0.14933333333333335 0.055
0 0.776 0.077 0.448 0.138
0 0.852 0.1 0.296 0.092
0 0.10666666666666667 0.073 0.21333333333333335 0.146
0 0.09066666666666667 0.094 0.18133333333333335 0.104
0 0.7093333333333334 0.125 0.112 0.042
1 0.9533333333333334 0.01 0.06666666666666667 0.01
2 0.9533333333333334 0.01 0.06666666666666667 0.01
2 0.9533333333333334 0.01 0.06666666666666667 0.01
2 0.9533333333333334 0.01 0.06666666666666667 0.01
0 0.868 0.0115 0.08266666666666667 0.011
0 0.49866666666666665 0.0185 0.064 0.025
1 0.20933333333333334 0.01 0.034666666666666665 0.01
2 0.20933333333333334 0.01 0.034666666666666665 0.01
2 0.20933333333333334 0.01 0.034666666666666665 0.01
0 0.14933333333333335 0.011 0.064 0.012
1 0.06133333333333333 0.01 0.09066666666666667 0.006
2 0.06133333333333333 0.01 0.09066666666666667 0.006
2 0.06133333333333333 0.01 0.09066666666666667 0.006
2 0.06133333333333333 0.01 0.09066666666666667 0.006
2 0.06133333333333333 0.01 0.09066666666666667 0.006
0 0.050666666666666665 0.038 0.02666666666666667 0.01
0 0.050666666666666665 0.046 0.02666666666666667 0.01
0 0.9346666666666666 0.0425 0.04533333333333334 0.017
0 0.94 0.0405 0.029333333333333333 0.009
0 0.9506666666666667 0.037 0.013333333333333334 0.008
0 0.5 0.289 1.0 0.042
0 0.5 0.3105 1.0 0.001
0 0.368 0.289 0.07466666666666667 0.014
0 0.6293333333333333 0.289 0.07466666666666667 0.014
0 0.368 0.3085 0.05333333333333334 0.003
0 0.524 0.3875 0.7706666666666667 0.037
0 0.352 0.477 0.4266666666666667 0.12
0 0.22666666666666666 0.347 0.17066666666666666 0.014
0 0.08 0.354 0.07466666666666667 0.028
0 0.19333333333333333 0.5555 0.11466666666666667 0.013
0 0.368 0.5555 0.192 0.013
0 0.904 0.5555 0.064 0.013
0 0.7813333333333333 0.5555 0.032 0.013
1 0.8453333333333334 0.5555 0.032 0.011
2 0.8453333333333334 0.5555 0.032 0.011
2 0.8453333333333334 0.5555 0.032 0.011
2 0.8453333333333334 0.5555 0.032 0.011
0 0.5 0.6545 1.0 0.001
0 0.7386666666666667 0.5555 0.032 0.011
0 0.7386666666666667 0.5555 0.032 0.011
0 0.5373333333333333 0.601 0.7973333333333333 0.066
0 0.5373333333333333 0.601 0.7973333333333333 0.066
0 0.208 0.592 0.07466666666666667 0.014
0 0.284 0.616 0.22666666666666666 0.014
0 0.5386666666666666 0.5925 0.5706666666666667 0.015
0 0.6253333333333333 0.616 0.44533333333333336 0.014
0 0.524 0.7225 0.7706666666666667 0.037
0 0.352 0.812 0.4266666666666667 0.12
0 0.22666666666666666 0.682 0.17066666666666666 0.014
0 0.08 0.689 0.07466666666666667 0.028
0 0.19333333333333333 0.8905 0.11466666666666667 0.013
0 0.368 0.8905 0.192 0.013
0 0.904 0.8905 0.064 0.013
0 0.7813333333333333 0.8905 0.032 0.013
1 0.8453333333333334 0.8905 0.032 0.011
2 0.8453333333333334 0.8905 0.032 0.011
2 0.8453333333333334 0.8905 0.032 0.011
2 0.8453333333333334 0.8905 0.032 0.011
0 0.5 0.9895 1.0 0.001
0 0.7386666666666667 0.8905 0.032 0.011
0 0.7386666666666667 0.8905 0.032 0.011
0 0.5373333333333333 0.936 0.7973333333333333 0.066
0 0.5373333333333333 0.936 0.7973333333333333 0.066
0 0.208 0.927 0.07466666666666667 0.014
0 0.284 0.951 0.22666666666666666 0.014
0 0.5386666666666666 0.9275 0.5706666666666667 0.015
0 0.6253333333333333 0.951 0.44533333333333336 0.014
0 0.504 0.064 0.176 0.066
0 0.49333333333333335 0.065 0.176 0.066
0 0.5093333333333333 0.068 0.176 0.066
0 0.5 0.066 0.16266666666666665 0.062
0 0.5 0.116 0.3333333333333333 0.016
0 0.08533333333333333 0.174 0.064 0.024
0 0.16933333333333334 0.174 0.056 0.012
0 0.39066666666666666 0.1735 0.3333333333333333 0.013
0 0.5 0.2205 0.9146666666666666 0.037
0 0.5 0.315 1.0 0.01
0 0.5 0.263 1.0 0.01