0 0.5 0.05134932533733134 1.0 0.10269865067466268
0 0.5 0.15592203898050974 1.0 0.1199400299850075
0 0.418 0.16491754122938532 0.188 0.10194902548725637
0 0.42866666666666664 0.1671664167916042 0.18 0.09745127436281859
0 0.44 0.16904047976011993 0.17333333333333334 0.0937031484257871
0 0.45066666666666666 0.17091454272863568 0.16533333333333333 0.08995502248875563
0 0.4053333333333333 0.164167916041979 0.192 0.10344827586206896
0 0.39666666666666667 0.16116941529235382 0.20133333333333334 0.10944527736131934
0 0.462 0.17316341829085458 0.15866666666666668 0.08545727136431784
0 0.472 0.17503748125937033 0.152 0.08170914542728636
0 0.4826666666666667 0.1772863568215892 0.144 0.07721139430284858
0 0.494 0.17916041979010494 0.13733333333333334 0.0734632683658171
0 0.5053333333333333 0.1810344827586207 0.13066666666666665 0.06971514242878561
0 0.516 0.18328335832083958 0.12266666666666666 0.06521739130434782
0 0.5266666666666666 0.18515742128935533 0.11733333333333333 0.06146926536731634
0 0.5373333333333333 0.18703148425787106 0.10933333333333334 0.05772113943028486
0 0.5593333333333333 0.1911544227886057 0.09466666666666666 0.049475262368815595
0 0.57 0.1934032983508246 0.08666666666666667 0.044977511244377814
0 0.5806666666666667 0.19527736131934034 0.08133333333333333 0.04122938530734633
0 0.59 0.1975262368815592 0.07066666666666667 0.03673163418290855
0 0.5453333333333333 0.1904047976011994 0.096 0.050974512743628186
0 0.602 0.19940029985007496 0.06533333333333333 0.03298350824587706
0 0.6126666666666667 0.20164917541229385 0.05733333333333333 0.02848575712143928
0 0.624 0.2035232383808096 0.050666666666666665 0.024737631184407798
0 0.6353333333333333 0.20539730134932535 0.044 0.020989505247376312
0 0.6446666666666667 0.20764617691154422 0.036 0.01649175412293853
0 0.656 0.20952023988005997 0.029333333333333333 0.012743628185907047
0 0.6666666666666666 0.21139430284857572 0.021333333333333333 0.008995502248875561
0 0.656 0.2260119940029985 0.376 0.212143928035982
0 0.6693333333333333 0.23388305847076463 0.376 0.21139430284857572
0 0.6766666666666666 0.2376311844077961 0.37733333333333335 0.21139430284857572
0 0.684 0.24212893553223389 0.376 0.21139430284857572
0 0.6906666666666667 0.24587706146926536 0.376 0.21139430284857572
0 0.658 0.23200899550224888 0.37733333333333335 0.212143928035982
0 0.6766666666666666 0.21326836581709147 0.014666666666666666 0.005247376311844078
0 0.698 0.25 0.37733333333333335 0.212143928035982
0 0.7053333333333334 0.25412293853073464 0.376 0.21139430284857572
0 0.7126666666666667 0.2582458770614693 0.37733333333333335 0.212143928035982
0 0.72 0.2623688155922039 0.376 0.21139430284857572
0 0.7266666666666667 0.2661169415292354 0.376 0.21139430284857572
0 0.734 0.27023988005997 0.37733333333333335 0.212143928035982
0 0.7413333333333333 0.27436281859070466 0.376 0.21139430284857572
0 0.7486666666666667 0.2784857571214393 0.37733333333333335 0.212143928035982
0 0.7626666666666667 0.2863568215892054 0.376 0.21139430284857572
0 0.77 0.29047976011994003 0.37733333333333335 0.212143928035982
0 0.7773333333333333 0.2946026986506747 0.376 0.21139430284857572
0 0.7846666666666666 0.2987256371814093 0.37733333333333335 0.212143928035982
0 0.7513333333333333 0.2848575712143928 0.37733333333333335 0.21139430284857572
0 0.792 0.3028485757121439 0.376 0.21139430284857572
0 0.7986666666666666 0.3065967016491754 0.376 0.21139430284857572
0 0.806 0.31071964017991005 0.37733333333333335 0.212143928035982
0 0.8133333333333334 0.3148425787106447 0.376 0.21139430284857572
0 0.8206666666666667 0.31896551724137934 0.37733333333333335 0.212143928035982
0 0.828 0.3230884557721139 0.376 0.21139430284857572
0 0.8353333333333334 0.3268365817091454 0.37733333333333335 0.21139430284857572
0 0.8426666666666667 0.33095952023988007 0.376 0.212143928035982
0 0.5006666666666667 0.16154422788605696 0.332 0.10869565217391304
0 0.17466666666666666 0.12893553223388307 0.14666666666666667 0.06596701649175413
0 0.11733333333333333 0.1315592203898051 0.192 0.0712143928035982
0 0.574 0.11431784107946028 0.09733333333333333 0.03673163418290855
0 0.824 0.12293853073463268 0.15466666666666667 0.053973013493253376
0 0.8866666666666667 0.11394302848575712 0.09066666666666667 0.035982008995502246
0 0.9406666666666667 0.17278860569715143 0.11866666666666667 0.07571214392803598
0 0.028666666666666667 0.17503748125937033 0.03333333333333333 0.018740629685157422
0 0.019333333333333334 0.18328335832083958 0.03866666666666667 0.027736131934032984
0 0.022 0.1787856071964018 0.014666666666666666 0.008245877061469266
0 0.20866666666666667 0.17691154422788605 0.05733333333333333 0.031484257871064465
0 0.18333333333333332 0.19077961019490255 0.084 0.0472263868065967
0 0.198 0.18328335832083958 0.025333333333333333 0.01424287856071964
0 0.8426666666666667 0.18065967016491755 0.042666666666666665 0.0239880059970015
0 0.8233333333333334 0.19152923538230884 0.06266666666666666 0.03523238380809595
0 0.8346666666666667 0.18515742128935533 0.018666666666666668 0.010494752623688156
0 0.486 0.16529235382308846 0.38 0.03523238380809595
0 0.732 0.16229385307346328 0.02666666666666667 0.01424287856071964
0 0.7326666666666667 0.14992503748125938 0.025333333333333333 0.014992503748125937
0 0.8053333333333333 0.1671664167916042 0.08 0.049475262368815595
0 0.48 0.1547976011994003 0.96 0.0007496251874062968
0 0.5 0.24587706146926536 1.0 0.05997001499250375
0 0.5 0.2754872563718141 1.0 0.0007496251874062968
0 0.5 0.21626686656671665 1.0 0.0007496251874062968
0 0.2713333333333333 0.25487256371814093 0.11066666666666666 0.044977511244377814
0 0.47933333333333333 0.24812593703148425 0.15066666666666667 0.025487256371814093
0 0.7233333333333334 0.25487256371814093 0.11066666666666666 0.044977511244377814
0 0.27266666666666667 0.27436281859070466 0.14266666666666666 0.0029985007496251873
0 0.5 0.3650674662668666 0.936 0.1424287856071964
0 0.8213333333333334 0.3650674662668666 0.29333333333333333 0.1424287856071964
0 0.9286666666666666 0.40217391304347827 0.017333333333333333 0.009745127436281859
0 0.9273333333333333 0.3946776611694153 0.017333333333333333 0.009745127436281859
0 0.28933333333333333 0.32721139430284857 0.448 0.023238380809595203
0 0.26466666666666666 0.36281859070464767 0.39866666666666667 0.017991004497751123
0 0.256 0.3969265367316342 0.38133333333333336 0.03823088455772114
0 0.8673333333333333 0.3302098950524738 0.13733333333333334 0.04422788605697151
0 0.8446666666666667 0.39842578710644677 0.12666666666666668 0.017241379310344827
0 0.5 0.5224887556221889 0.936 0.1424287856071964
0 0.8213333333333334 0.5224887556221889 0.29333333333333333 0.1424287856071964
0 0.928 0.5599700149925038 0.016 0.008995502248875561
0 0.9273333333333333 0.5520989505247377 0.017333333333333333 0.009745127436281859
0 0.28933333333333333 0.4846326836581709 0.448 0.023238380809595203
0 0.26466666666666666 0.52023988005997 0.39866666666666667 0.017991004497751123
0 0.5346666666666666 0.5648425787106447 0.14666666666666667 0.017241379310344827
0 0.256 0.5543478260869565 0.38133333333333336 0.03823088455772114
0 0.8673333333333333 0.4876311844077961 0.13733333333333334 0.04422788605697151
0 0.8433333333333334 0.5558470764617691 0.12666666666666668 0.017241379310344827
0 -0.08 0.3504497751124438 0.096 0.011244377811094454