0 0.5 0.36904761904761907 1.0 0.391156462585034
0 0.3567708333333333 0.3086734693877551 0.3072916666666667 0.01870748299319728
0 0.5091145833333334 0.23129251700680273 0.20572916666666666 0.034013605442176874
1 0.19010416666666666 0.233843537414966 0.265625 0.04931972789115646
2 0.19010416666666666 0.233843537414966 0.265625 0.04931972789115646
2 0.19010416666666666 0.233843537414966 0.265625 0.04931972789115646
2 0.19010416666666666 0.233843537414966 0.265625 0.04931972789115646
2 0.19010416666666666 0.233843537414966 0.265625 0.04931972789115646
0 0.203125 0.5297619047619048 0.2916666666666667 0.025510204081632654
0 0.20442708333333334 0.3469387755102041 0.09635416666666667 0.027210884353741496
0 0.3658854166666667 0.42346938775510207 0.6067708333333334 0.1326530612244898
0 0.08203125 0.3707482993197279 0.06510416666666667 0.05102040816326531
0 0.7395833333333334 0.47534013605442177 0.08854166666666667 0.0391156462585034
0 0.7747395833333334 0.3937074829931973 0.17447916666666666 0.07312925170068027
0 0.11588541666666667 0.3086734693877551 0.1171875 0.025510204081632654
0 0.07291666666666667 0.9311224489795918 0.03125 0.07312925170068027
0 0.15104166666666666 0.9319727891156463 0.109375 0.07142857142857142
0 0.15104166666666666 0.9319727891156463 0.109375 0.07142857142857142
0 0.3541666666666667 0.9022108843537415 0.265625 0.01870748299319728
0 0.3138020833333333 0.9200680272108843 0.18489583333333334 0.017006802721088437
0 0.390625 0.9404761904761905 0.3385416666666667 0.017006802721088437
0 0.2994791666666667 0.9600340136054422 0.15625 0.01870748299319728
0 0.8203125 0.9336734693877551 0.3072916666666667 0.07142857142857142
0 0.8606770833333334 0.9829931972789115 0.22135416666666666 0.017006802721088437
0 0.84765625 0.8826530612244898 0.24739583333333334 0.02040816326530612
0 0.3580729166666667 0.23299319727891157 0.0026041666666666665 0.05102040816326531
0 0.6783854166666666 0.6998299319727891 0.3776041666666667 0.17857142857142858
0 0.8346354166666666 0.8435374149659864 0.2630208333333333 0.02040816326530612
0 0.6783854166666666 0.8443877551020408 0.033854166666666664 0.022108843537414966
0 0.6783854166666666 0.8443877551020408 0.033854166666666664 0.022108843537414966
0 0.20182291666666666 0.6147959183673469 0.2838541666666667 0.04591836734693878
0 0.20182291666666666 0.689625850340136 0.2838541666666667 0.04591836734693878
0 0.20182291666666666 0.6147959183673469 0.20052083333333334 0.02891156462585034
0 0.20182291666666666 0.689625850340136 0.20052083333333334 0.02891156462585034
0 0.20182291666666666 0.7644557823129252 0.2838541666666667 0.04591836734693878
0 0.20182291666666666 0.7644557823129252 0.20052083333333334 0.02891156462585034
0 0.20182291666666666 0.8392857142857143 0.2838541666666667 0.04591836734693878
0 0.20182291666666666 0.8392857142857143 0.20052083333333334 0.02891156462585034
0 0.3098958333333333 0.141156462585034 0.15625 0.02040816326530612
0 0.12369791666666667 0.141156462585034 0.12239583333333333 0.02040816326530612
0 0.5169270833333334 0.141156462585034 0.1796875 0.02040816326530612
0 0.48046875 0.0663265306122449 0.8359375 0.05782312925170068
0 0.6705729166666666 0.5280612244897959 0.1640625 0.022108843537414966
0 0.8059895833333334 0.5280612244897959 0.0859375 0.015306122448979591
0 0.48046875 0.5289115646258503 0.19010416666666666 0.030612244897959183
0 0.4388020833333333 0.5289115646258503 0.09635416666666667 0.023809523809523808
0 0.4388020833333333 0.5289115646258503 0.09635416666666667 0.023809523809523808
0 0.4388020833333333 0.5289115646258503 0.09635416666666667 0.023809523809523808
0 0.4388020833333333 0.5289115646258503 0.09635416666666667 0.023809523809523808
0 0.4388020833333333 0.5289115646258503 0.09635416666666667 0.023809523809523808
0 0.4388020833333333 0.5289115646258503 0.09635416666666667 0.023809523809523808
0 0.4388020833333333 0.5289115646258503 0.09635416666666667 0.023809523809523808
0 0.4388020833333333 0.5289115646258503 0.09635416666666667 0.023809523809523808
0 0.4388020833333333 0.5289115646258503 0.09635416666666667 0.023809523809523808
0 0.4388020833333333 0.5289115646258503 0.09635416666666667 0.023809523809523808
0 0.4388020833333333 0.5289115646258503 0.09635416666666667 0.023809523809523808
0 0.4388020833333333 0.5289115646258503 0.09635416666666667 0.023809523809523808
0 0.4388020833333333 0.5289115646258503 0.09635416666666667 0.023809523809523808
0 0.53125 0.5289115646258503 0.07291666666666667 0.023809523809523808