0 0.5 0.5 1.0 1.0
0 0.5 0.5868226600985221 1.0 0.8263546798029556
0 0.5 0.10591133004926108 1.0 0.1354679802955665
0 0.5226666666666666 0.15701970443349753 0.9386666666666666 0.20073891625615764
0 0.5 -0.059113300492610835 0.8933333333333333 0.059113300492610835
0 0.5 0.008620689655172414 1.0 0.059113300492610835
0 0.49333333333333335 0.008620689655172414 0.3466666666666667 0.06157635467980296
0 0.5093333333333333 0.008004926108374385 0.224 0.01847290640394089
0 0.3973333333333333 0.008004926108374385 0.02666666666666667 0.01847290640394089
0 0.3973333333333333 0.008004926108374385 0.02666666666666667 0.01847290640394089
0 0.5346666666666666 1.0535714285714286 0.9306666666666666 0.0012315270935960591
0 0.5 0.027093596059113302 1.0 0.054187192118226604
1 0.9253333333333333 0.02832512315270936 0.058666666666666666 0.014778325123152709
2 0.96 0.02832512315270936 0.005333333333333333 0.0049261083743842365
2 0.9253333333333333 0.02832512315270936 0.048 0.009852216748768473
1 0.8613333333333333 0.02832512315270936 0.042666666666666665 0.014778325123152709
2 0.8613333333333333 0.02832512315270936 0.042666666666666665 0.014778325123152709
2 0.8613333333333333 0.02832512315270936 0.042666666666666665 0.014778325123152709
1 0.8053333333333333 0.02832512315270936 0.048 0.014778325123152709
2 0.8053333333333333 0.02832512315270936 0.048 0.014778325123152709
2 0.8053333333333333 0.02832512315270936 0.048 0.014778325123152709
2 0.8053333333333333 0.02832512315270936 0.048 0.014778325123152709
0 0.12666666666666668 0.03078817733990148 0.06666666666666667 0.014778325123152709
0 0.5 0.979064039408867 1.0 0.04187192118226601
0 0.5 0.5 1.0 1.0
0 0.5 0.979064039408867 1.0 0.04187192118226601
0 0.5013333333333333 0.17364532019704434 0.25066666666666665 0.11576354679802955
0 0.5013333333333333 0.27586206896551724 0.33066666666666666 0.03940886699507389
0 0.5 0.3435960591133005 1.0 0.06157635467980296
0 0.5013333333333333 0.3435960591133005 0.3466666666666667 0.06157635467980296
0 0.5 0.4236453201970443 1.0 0.09852216748768473
0 0.5013333333333333 0.42549261083743845 0.8 0.04556650246305419
0 0.20133333333333334 0.5221674876847291 0.21066666666666667 0.014778325123152709
0 0.5013333333333333 0.5240147783251231 0.16533333333333333 0.01847290640394089
0 0.5026666666666667 0.5769704433497537 0.12 0.01847290640394089
0 0.188 0.5769704433497537 0.056 0.01847290640394089
0 0.8013333333333333 0.5769704433497537 0.056 0.01847290640394089
0 0.804 0.521551724137931 0.04533333333333334 0.013546798029556651
0 0.3506666666666667 0.5609605911330049 0.0026666666666666666 0.1022167487684729
0 0.652 0.5609605911330049 0.0026666666666666666 0.1022167487684729
0 0.05466666666666667 0.0812807881773399 0.056 0.014778325123152709