0 0.07291666666666667 0.9311224489795918 0.03125 0.07312925170068027
0 0.15104166666666666 0.9319727891156463 0.109375 0.07142857142857142
0 0.15104166666666666 0.9319727891156463 0.109375 0.07142857142857142
0 0.3541666666666667 0.9022108843537415 0.265625 0.01870748299319728
0 0.3138020833333333 0.9200680272108843 0.18489583333333334 0.017006802721088437
0 0.390625 0.9404761904761905 0.3385416666666667 0.017006802721088437
0 0.2994791666666667 0.9600340136054422 0.15625 0.01870748299319728
0 0.8203125 0.9336734693877551 0.3072916666666667 0.07142857142857142
0 0.8606770833333334 0.9829931972789115 0.22135416666666666 0.017006802721088437
0 0.84765625 0.8826530612244898 0.24739583333333334 0.02040816326530612
0 0.3098958333333333 0.141156462585034 0.15625 0.02040816326530612
0 0.12109375 0.141156462585034 0.12239583333333333 0.02040816326530612
0 0.5169270833333334 0.141156462585034 0.1796875 0.02040816326530612
0 0.48046875 0.0663265306122449 0.8359375 0.05782312925170068
0 0.6770833333333334 0.673469387755102 0.4166666666666667 0.19727891156462585
0 0.8346354166666666 0.8299319727891157 0.2630208333333333 0.02040816326530612
0 0.6783854166666666 0.83078231292517 0.033854166666666664 0.022108843537414966
0 0.6783854166666666 0.83078231292517 0.033854166666666664 0.022108843537414966
0 0.5013020833333334 0.3715986394557823 0.8098958333333334 0.12755102040816327
0 0.20182291666666666 0.6147959183673469 0.2838541666666667 0.04591836734693878
0 0.20182291666666666 0.689625850340136 0.2838541666666667 0.04591836734693878
0 0.20182291666666666 0.6147959183673469 0.20052083333333334 0.02891156462585034
0 0.20182291666666666 0.689625850340136 0.20052083333333334 0.02891156462585034
0 0.20182291666666666 0.7644557823129252 0.2838541666666667 0.04591836734693878
0 0.20182291666666666 0.7644557823129252 0.20052083333333334 0.02891156462585034
0 0.20182291666666666 0.8392857142857143 0.2838541666666667 0.04591836734693878
0 0.20182291666666666 0.8392857142857143 0.20052083333333334 0.02891156462585034