0 0.5 0.13905547226386808 1.0 0.27811094452773616
0 0.5 0.13905547226386808 1.0 0.27811094452773616
0 0.5 0.13905547226386808 1.0 0.27811094452773616
0 0.5 0.13905547226386808 1.0 0.27811094452773616
0 0.5 0.13905547226386808 1.0 0.27811094452773616
0 0.5 0.13905547226386808 1.0 0.27811094452773616
0 0.5 0.13905547226386808 1.0 0.27811094452773616
0 0.5 0.13905547226386808 1.0 0.27811094452773616
0 0.5 0.13905547226386808 1.0 0.27811094452773616
0 0.5 0.13905547226386808 1.0 0.27811094452773616
0 0.5 0.13905547226386808 1.0 0.27811094452773616
0 0.5 0.13905547226386808 1.0 0.27811094452773616
0 0.5 0.13905547226386808 1.0 0.27811094452773616
0 0.5 0.13905547226386808 1.0 0.27811094452773616
0 0.5 0.13905547226386808 1.0 0.27811094452773616
0 0.5 0.13905547226386808 1.0 0.27811094452773616
0 0.5 0.13905547226386808 1.0 0.27811094452773616
0 0.5 0.13905547226386808 1.0 0.27811094452773616
0 0.5 0.13905547226386808 1.0 0.27811094452773616
0 0.5 0.13905547226386808 1.0 0.27811094452773616
0 0.5 0.13905547226386808 1.0 0.27811094452773616
0 0.5 0.13905547226386808 1.0 0.27811094452773616
0 0.5 0.13905547226386808 1.0 0.27811094452773616
0 0.5 0.13905547226386808 1.0 0.27811094452773616
0 0.5 0.13905547226386808 1.0 0.27811094452773616
1 0.244 0.07458770614692653 0.037333333333333336 0.05922038980509745
2 0.66 0.049475262368815595 0.048 0.01649175412293853
2 0.588 0.136431784107946 0.029333333333333333 0.0239880059970015
0 0.5 0.095952023988006 1.0 0.0
0 0.5 0.06296851574212893 0.18933333333333333 0.025487256371814093
0 0.052 0.06296851574212893 0.02666666666666667 0.025487256371814093
0 0.116 0.06296851574212893 0.08 0.022488755622188907
0 0.024 0.015367316341829085 0.016 0.009745127436281859
0 0.042666666666666665 0.015367316341829085 0.016 0.009745127436281859
0 0.06133333333333333 0.015367316341829085 0.016 0.009745127436281859
0 0.08 0.015367316341829085 0.016 0.009745127436281859
0 0.08 0.015367316341829085 0.016 0.009745127436281859
0 0.09866666666666667 0.015367316341829085 0.016 0.009745127436281859
0 0.09866666666666667 0.015367316341829085 0.016 0.009745127436281859
1 0.13466666666666666 0.014992503748125937 0.032 0.014992503748125937
2 0.13466666666666666 0.014992503748125937 0.032 0.014992503748125937
2 0.13466666666666666 0.014992503748125937 0.032 0.014992503748125937
0 0.5013333333333333 0.015742128935532233 0.10933333333333334 0.013493253373313344
0 0.952 0.015367316341829085 0.06133333333333333 0.015742128935532233
0 0.952 0.015367316341829085 0.06133333333333333 0.015742128935532233
0 0.956 0.015367316341829085 0.064 0.012743628185907047
0 0.956 0.015367316341829085 0.064 0.012743628185907047
0 0.8793333333333333 0.015742128935532233 0.05733333333333333 0.013493253373313344
1 0.8233333333333334 0.015367316341829085 0.02266666666666667 0.021739130434782608
2 0.8233333333333334 0.015367316341829085 0.02266666666666667 0.021739130434782608
2 0.8233333333333334 0.015367316341829085 0.02266666666666667 0.021739130434782608
0 0.828 0.05922038980509745 0.06133333333333333 0.02848575712143928
0 0.828 0.05922038980509745 0.06133333333333333 0.02848575712143928
0 0.828 0.05922038980509745 0.06133333333333333 0.02848575712143928
0 0.828 0.05922038980509745 0.06133333333333333 0.02848575712143928
0 0.946 0.060719640179910044 0.06 0.03298350824587706
0 0.9346666666666666 0.05997001499250375 0.050666666666666665 0.02848575712143928
0 0.9346666666666666 0.05997001499250375 0.050666666666666665 0.02848575712143928
0 0.852 0.060719640179910044 0.050666666666666665 0.02848575712143928
0 0.8753333333333333 0.058095952023988005 0.017333333333333333 0.0022488755622188904
0 0.8773333333333333 0.06221889055472264 0.013333333333333334 0.0029985007496251873
0 0.88 0.06671664167916042 0.008 0.0029985007496251873
0 0.5 0.41829085457271364 0.9786666666666667 0.5937031484257871
0 0.35133333333333333 0.3110944527736132 0.06533333333333333 0.026986506746626688
0 0.5806666666666667 0.434407796101949 0.476 0.07721139430284858
0 0.49866666666666665 0.5018740629685158 0.23466666666666666 0.020239880059970013
0 0.5 0.17091454272863568 0.9466666666666667 0.08245877061469266
0 0.392 0.2683658170914543 0.04 0.01649175412293853
0 0.27466666666666667 0.17128935532233883 0.22666666666666666 0.021739130434782608
0 0.1 0.17091454272863568 0.06666666666666667 0.037481259370314844
0 0.1 0.17091454272863568 0.06666666666666667 0.037481259370314844
0 0.8493333333333334 0.17091454272863568 0.10933333333333334 0.019490254872563718
0 0.928 0.17053973013493254 0.016 0.01424287856071964
0 0.5 0.5629685157421289 0.9493333333333334 0.0014992503748125937
0 0.5 0.6341829085457271 0.9493333333333334 0.0014992503748125937
0 0.04533333333333334 0.6304347826086957 0.037333333333333336 0.06596701649175413
0 0.9546666666666667 0.6304347826086957 0.037333333333333336 0.06596701649175413
0 0.4513333333333333 0.598575712143928 0.3506666666666667 0.017241379310344827
0 0.17 0.598575712143928 0.124 0.017241379310344827
0 0.07866666666666666 0.598575712143928 0.024 0.015742128935532233
0 0.07866666666666666 0.598575712143928 0.024 0.015742128935532233
0 0.2946666666666667 0.598575712143928 0.024 0.015742128935532233
0 0.25533333333333336 0.5989505247376312 0.0013333333333333333 0.01649175412293853
0 0.486 0.6701649175412294 0.4146666666666667 0.017991004497751123
0 0.17066666666666666 0.6697901049475262 0.12533333333333332 0.017241379310344827
1 0.07866666666666666 0.6701649175412294 0.024 0.01649175412293853
2 0.07866666666666666 0.6701649175412294 0.024 0.01649175412293853
0 0.25533333333333336 0.6701649175412294 0.0013333333333333333 0.01649175412293853
0 0.512 0.2799850074962519 0.15466666666666667 0.027736131934032984
0 0.38666666666666666 0.280359820089955 0.048 0.026986506746626688
0 0.388 0.2811094452773613 0.029333333333333333 0.01199400299850075
0 0.5 0.32721139430284857 0.456 0.020239880059970013
0 0.5 0.7781109445277361 0.9466666666666667 0.07196401799100449
0 0.5 0.7781109445277361 0.18933333333333333 0.025487256371814093
0 0.9173333333333333 0.06259370314842579 0.08266666666666667 0.023238380809595203