0 0.5 0.050599700149925035 0.36533333333333334 0.10119940029985007
0 0.7366666666666667 0.10194902548725637 0.5266666666666666 0.20389805097451275
0 0.5 0.056596701649175414 0.21066666666666667 0.023238380809595203
0 0.5013333333333333 0.19715142428785606 0.632 0.28335832083958024
0 0.5013333333333333 0.19827586206896552 0.6133333333333333 0.27511244377811095
0 0.5013333333333333 0.05772113943028486 0.016 0.022488755622188907
0 0.5973333333333334 0.06634182908545727 0.029333333333333333 0.024737631184407798
0 0.684 0.09145427286356822 0.037333333333333336 0.0239880059970015
0 0.752 0.13043478260869565 0.042666666666666665 0.020989505247376312
0 0.796 0.17916041979010494 0.04533333333333334 0.01649175412293853
0 0.8106666666666666 0.23238380809595202 0.04 0.008995502248875561
0 0.7953333333333333 0.2871064467766117 0.044 0.01649175412293853
0 0.7506666666666667 0.335832083958021 0.042666666666666665 0.020989505247376312
0 0.4053333333333333 0.06634182908545727 0.029333333333333333 0.024737631184407798
0 0.31866666666666665 0.09070464767616192 0.037333333333333336 0.0239880059970015
0 0.24933333333333332 0.12893553223388307 0.042666666666666665 0.020989505247376312
0 0.20466666666666666 0.17766116941529236 0.044 0.01649175412293853
0 0.18866666666666668 0.23200899550224888 0.04133333333333333 0.009745127436281859
0 0.204 0.2856071964017991 0.04533333333333334 0.01649175412293853
0 0.248 0.3343328335832084 0.042666666666666665 0.020989505247376312
0 0.5 0.3961769115442279 0.9306666666666666 0.45652173913043476
0 0.5006666666666667 0.6278110944527736 0.47333333333333333 0.021739130434782608
0 0.502 0.843328335832084 0.036 0.019490254872563718
0 0.5 0.17091454272863568 0.15733333333333333 0.08845577211394302
0 0.5 0.17128935532233883 0.056 0.03823088455772114
0 0.5 0.17128935532233883 0.056 0.03823088455772114
0 0.5 0.17128935532233883 0.056 0.03823088455772114
0 0.5 0.17128935532233883 0.056 0.03823088455772114
0 0.5 0.17128935532233883 0.056 0.03823088455772114
0 0.5073333333333333 1.078335832083958 0.9026666666666666 0.08170914542728636
0 0.5013333333333333 0.017616191904047975 0.968 0.018740629685157422
0 0.021333333333333333 0.5 0.042666666666666665 1.0
0 0.9786666666666667 0.5 0.042666666666666665 1.0
0 0.10533333333333333 0.5 0.12533333333333332 1.0
0 0.42 0.5 0.12533333333333332 1.0
0 0.7366666666666667 0.5 0.12666666666666668 1.0
0 0.26266666666666666 0.5 0.12533333333333332 1.0
0 0.5786666666666667 0.5 0.12533333333333332 1.0
0 0.8946666666666667 0.5 0.12533333333333332 1.0
0 0.184 0.5 0.032 1.0
0 0.49933333333333335 0.5 0.03333333333333333 1.0
0 0.816 0.5 0.032 1.0
0 0.3413333333333333 0.5 0.032 1.0
0 0.6573333333333333 0.5 0.032 1.0
0 0.104 0.8605697151424287 0.08266666666666667 0.01199400299850075
0 0.104 0.9070464767616192 0.08266666666666667 0.01199400299850075
0 0.5006666666666667 0.2646176911544228 0.164 0.029985007496251874
0 0.5 0.31146926536731634 0.33866666666666667 0.023238380809595203
0 0.5 0.44115442278860567 0.39466666666666667 0.05622188905547226
0 0.5006666666666667 0.401424287856072 0.476 0.05022488755622189
0 0.49933333333333335 0.5333583208395802 0.252 0.023238380809595203
0 0.5 0.49325337331334335 0.9173333333333333 0.0014992503748125937
0 0.912 0.056596701649175414 0.08266666666666667 0.023238380809595203
0 0.49933333333333335 0.5738380809595203 0.38 0.020239880059970013