0 0.5 0.050599700149925035 0.36533333333333334 0.10119940029985007
0 0.7366666666666667 0.10194902548725637 0.5266666666666666 0.20389805097451275
0 0.7093333333333334 0.056596701649175414 0.08 0.023238380809595203
0 0.5013333333333333 0.19715142428785606 0.632 0.28335832083958024
0 0.5013333333333333 0.19827586206896552 0.6133333333333333 0.27511244377811095
0 0.5013333333333333 0.05772113943028486 0.016 0.022488755622188907
0 0.5973333333333334 0.06634182908545727 0.029333333333333333 0.024737631184407798
0 0.684 0.09145427286356822 0.037333333333333336 0.0239880059970015
0 0.752 0.13043478260869565 0.042666666666666665 0.020989505247376312
0 0.796 0.17916041979010494 0.04533333333333334 0.01649175412293853
0 0.8106666666666666 0.23238380809595202 0.04 0.008995502248875561
0 0.7953333333333333 0.2871064467766117 0.044 0.01649175412293853
0 0.7506666666666667 0.335832083958021 0.042666666666666665 0.020989505247376312
0 0.4053333333333333 0.06634182908545727 0.029333333333333333 0.024737631184407798
0 0.31866666666666665 0.09070464767616192 0.037333333333333336 0.0239880059970015
0 0.24933333333333332 0.12893553223388307 0.042666666666666665 0.020989505247376312
0 0.20466666666666666 0.17766116941529236 0.044 0.01649175412293853
0 0.18866666666666668 0.23200899550224888 0.04133333333333333 0.009745127436281859
0 0.204 0.2856071964017991 0.04533333333333334 0.01649175412293853
0 0.248 0.3343328335832084 0.042666666666666665 0.020989505247376312
0 0.5006666666666667 0.6278110944527736 0.47333333333333333 0.021739130434782608
0 0.502 0.843328335832084 0.036 0.019490254872563718
0 0.5073333333333333 1.078335832083958 0.9026666666666666 0.08170914542728636
0 0.5013333333333333 0.017616191904047975 0.968 0.018740629685157422
0 0.104 0.8605697151424287 0.08266666666666667 0.01199400299850075
0 0.104 0.9070464767616192 0.08266666666666667 0.01199400299850075
0 0.05266666666666667 0.05697151424287856 0.028 0.025487256371814093
0 0.11866666666666667 0.05697151424287856 0.08 0.022488755622188907
0 0.94 0.05772113943028486 0.042666666666666665 0.0239880059970015
0 0.94 0.05772113943028486 0.016 0.013493253373313344
0 0.94 0.05772113943028486 0.016 0.013493253373313344
0 0.5 0.5449775112443778 1.0 0.9100449775112444
0 0.021333333333333333 0.5 0.042666666666666665 1.0
0 0.9786666666666667 0.5 0.042666666666666665 1.0
0 0.10533333333333333 0.5 0.12533333333333332 1.0
0 0.42 0.5 0.12533333333333332 1.0
0 0.7366666666666667 0.5 0.12666666666666668 1.0
0 0.26266666666666666 0.5 0.12533333333333332 1.0
0 0.5786666666666667 0.5 0.12533333333333332 1.0
0 0.8946666666666667 0.5 0.12533333333333332 1.0
0 0.184 0.5 0.032 1.0
0 0.49933333333333335 0.5 0.03333333333333333 1.0
0 0.816 0.5 0.032 1.0
0 0.3413333333333333 0.5 0.032 1.0
0 0.6573333333333333 0.5 0.032 1.0
0 0.49866666666666665 0.18928035982008995 0.16533333333333333 0.01424287856071964
0 0.49866666666666665 0.18928035982008995 0.16533333333333333 0.01424287856071964
0 0.502 0.2455022488755622 0.2653333333333333 0.07871064467766117
0 0.502 0.2455022488755622 0.2653333333333333 0.07871064467766117
0 0.494 0.21101949025487257 0.12133333333333333 0.06671664167916042
0 0.3606666666666667 0.1975262368815592 0.028 0.006746626686656672
0 0.49333333333333335 0.24962518740629686 0.05333333333333334 0.0239880059970015
0 0.494 0.2589955022488756 0.02 0.020239880059970013
0 0.49066666666666664 0.17353823088455772 0.032 0.020239880059970013
0 0.5166666666666667 0.17616191904047976 0.028 0.014992503748125937
0 0.44133333333333336 0.2413793103448276 0.064 0.014992503748125937
0 0.5473333333333333 0.2413793103448276 0.06533333333333333 0.014992503748125937
0 0.5186666666666667 0.27886056971514245 0.02666666666666667 0.025487256371814093
0 0.468 0.27886056971514245 0.02666666666666667 0.025487256371814093
0 0.49066666666666664 0.26199400299850073 0.06133333333333333 0.023238380809595203
0 0.5673333333333334 0.17503748125937033 0.02266666666666667 0.008245877061469266
0 0.5573333333333333 0.16491754122938532 0.021333333333333333 0.01199400299850075
0 0.452 0.16041979010494753 0.02666666666666667 0.01199400299850075
0 0.42733333333333334 0.17203898050974512 0.025333333333333333 0.008245877061469266
0 0.5213333333333333 0.29985007496251875 0.10133333333333333 0.0029985007496251873
0 0.44666666666666666 0.29985007496251875 0.02666666666666667 0.0029985007496251873
0 0.41933333333333334 0.29985007496251875 0.014666666666666666 0.0029985007496251873
0 0.5 0.34895052473763116 0.33066666666666666 0.020239880059970013
0 0.53 0.22338830584707647 0.06 0.020989505247376312
0 0.49066666666666664 0.18628185907046477 0.10933333333333334 0.05922038980509745
0 0.49066666666666664 0.18628185907046477 0.10933333333333334 0.05922038980509745
0 0.5333333333333333 0.15854572713643178 0.048 0.021739130434782608
0 0.49 0.1874062968515742 0.06533333333333333 0.034482758620689655
0 0.49 0.1874062968515742 0.06533333333333333 0.034482758620689655
0 0.48933333333333334 0.1904047976011994 0.032 0.01649175412293853
0 0.4886666666666667 0.1904047976011994 0.030666666666666665 0.01649175412293853
0 0.46066666666666667 0.2691154422788606 0.04666666666666667 0.041979010494752625
0 0.51 0.2691154422788606 0.04666666666666667 0.041979010494752625
0 0.44333333333333336 0.2166416791604198 0.076 0.0239880059970015
0 0.4726666666666667 0.15254872563718141 0.017333333333333333 0.03223388305847077
0 0.4726666666666667 0.15254872563718141 0.017333333333333333 0.03223388305847077
0 0.4866666666666667 0.2230134932533733 0.037333333333333336 0.017241379310344827
0 0.4846666666666667 0.24287856071964017 0.04933333333333333 0.026986506746626688
0 0.41133333333333333 0.1772863568215892 0.02266666666666667 0.012743628185907047
0 0.41133333333333333 0.1772863568215892 0.02266666666666667 0.012743628185907047
0 0.5646666666666667 0.20502248875562218 0.014666666666666666 0.008245877061469266
0 0.5646666666666667 0.20502248875562218 0.014666666666666666 0.008245877061469266