0 0.05266666666666667 0.05697151424287856 0.028 0.025487256371814093
0 0.11866666666666667 0.05697151424287856 0.08 0.022488755622188907
0 0.5013333333333333 0.08883058470764618 1.0053333333333334 0.0022488755622188904
0 0.5 0.050599700149925035 0.36533333333333334 0.10119940029985007
0 0.7366666666666667 0.10194902548725637 0.5266666666666666 0.20389805097451275
0 0.5 0.056596701649175414 0.21066666666666667 0.023238380809595203
0 0.498 0.15442278860569716 0.7586666666666667 0.050974512743628186
0 0.5006666666666667 0.22038980509745126 0.5 0.029985007496251874
0 0.5 0.5629685157421289 0.9306666666666666 0.5967016491754122
0 0.5 0.5629685157421289 0.9306666666666666 0.5967016491754122
0 0.5 0.5629685157421289 0.9306666666666666 0.5967016491754122
0 0.48933333333333334 0.7518740629685158 0.9786666666666667 0.19640179910044978
0 0.438 0.2556221889055472 0.47333333333333333 0.1679160419790105
0 0.766 0.31446776611694155 0.7106666666666667 0.2571214392803598
0 0.492 0.38193403298350825 0.24533333333333332 0.05172413793103448
0 0.6546666666666666 0.3916791604197901 0.04533333333333334 0.021739130434782608
0 0.5 0.31146926536731634 0.24533333333333332 0.020239880059970013
0 0.6453333333333333 0.31259370314842577 0.02666666666666667 0.014992503748125937
0 0.6453333333333333 0.3092203898050975 0.005333333333333333 0.0037481259370314842
0 0.6466666666666666 0.31446776611694155 0.008 0.006746626686656672
0 0.5006666666666667 0.6278110944527736 0.47333333333333333 0.021739130434782608
0 0.5 0.46664167916041976 0.6133333333333333 0.06521739130434782
0 0.5 0.46664167916041976 0.6133333333333333 0.06521739130434782
0 0.49933333333333335 0.4733883058470765 0.524 0.021739130434782608
0 0.5 0.5734632683658171 0.7786666666666666 0.07646176911544228
0 0.49933333333333335 0.5719640179910045 0.188 0.025487256371814093
0 0.5006666666666667 0.654047976011994 0.8413333333333334 0.0007496251874062968
0 0.5 1.078710644677661 1.0 0.25787106446776614
0 0.502 0.843328335832084 0.036 0.019490254872563718
0 0.5 0.8339580209895052 0.024 0.0022488755622188904
0 0.5 0.8392053973013494 0.024 0.0022488755622188904
0 0.5 0.8380809595202399 0.02666666666666667 0.0074962518740629685
0 0.5 0.8980509745127436 0.9146666666666666 0.05847076461769116
0 0.5073333333333333 1.078335832083958 0.9026666666666666 0.08170914542728636
0 0.5 0.9752623688155923 0.2613333333333333 0.025487256371814093
0 0.5013333333333333 0.017616191904047975 0.968 0.018740629685157422
0 0.021333333333333333 0.5 0.042666666666666665 1.0
0 0.9786666666666667 0.5 0.042666666666666665 1.0
0 0.10533333333333333 0.5 0.12533333333333332 1.0
0 0.42 0.5 0.12533333333333332 1.0
0 0.7366666666666667 0.5 0.12666666666666668 1.0
0 0.26266666666666666 0.5 0.12533333333333332 1.0
0 0.5786666666666667 0.5 0.12533333333333332 1.0
0 0.8946666666666667 0.5 0.12533333333333332 1.0
0 0.184 0.5 0.032 1.0
0 0.49933333333333335 0.5 0.03333333333333333 1.0
0 0.816 0.5 0.032 1.0
0 0.3413333333333333 0.5 0.032 1.0
0 0.6573333333333333 0.5 0.032 1.0
0 0.088 0.8958020989505248 0.024 0.01649175412293853
0 0.088 0.8958020989505248 0.024 0.01649175412293853
0 0.088 0.9062968515742129 0.010666666666666666 0.0029985007496251873
0 0.104 0.8605697151424287 0.08266666666666667 0.01199400299850075
0 0.104 0.9070464767616192 0.08266666666666667 0.01199400299850075
0 0.526 0.8991754122938531 0.804 0.018740629685157422
0 0.5173333333333333 0.21889055472263869 0.752 0.15592203898050974
0 0.5173333333333333 0.21889055472263869 0.752 0.15592203898050974
0 0.30733333333333335 0.1656671664167916 0.252 0.025487256371814093
0 0.5673333333333334 0.23350824587706148 0.66 0.0007496251874062968
0 0.18133333333333335 0.2383808095952024 0.037333333333333336 0.01199400299850075
0 0.18133333333333335 0.22788605697151423 0.037333333333333336 0.01199400299850075
0 0.7866666666666666 0.24662668665667167 0.13333333333333333 0.035982008995502246
0 0.788 0.24475262368815592 0.096 0.021739130434782608
0 0.5173333333333333 0.19940029985007496 0.672 0.025487256371814093
0 0.5 0.21889055472263869 0.752 0.15592203898050974
0 0.5 0.21889055472263869 0.752 0.15592203898050974
0 0.29 0.1656671664167916 0.252 0.025487256371814093
0 0.164 0.2383808095952024 0.037333333333333336 0.01199400299850075
0 0.164 0.22788605697151423 0.037333333333333336 0.01199400299850075
0 0.7693333333333333 0.24662668665667167 0.13333333333333333 0.035982008995502246
0 0.7706666666666667 0.24475262368815592 0.096 0.021739130434782608
0 0.5 0.19940029985007496 0.672 0.025487256371814093
0 0.89 0.31334332833583206 0.13466666666666666 0.03298350824587706
0 0.8853333333333333 0.31334332833583206 0.06933333333333333 0.019490254872563718
0 0.938 0.31334332833583206 0.009333333333333334 0.008995502248875561
0 0.9113333333333333 0.056596701649175414 0.08133333333333333 0.023238380809595203
0 0.78 0.05434782608695652 0.08533333333333333 0.02923538230884558
0 0.5013333333333333 0.7687406296851574 0.09333333333333334 0.05472263868065967
0 0.24266666666666667 0.6979010494752623 0.09066666666666667 0.050974512743628186
0 0.24266666666666667 0.6979010494752623 0.029333333333333333 0.020989505247376312
0 0.24266666666666667 0.6979010494752623 0.029333333333333333 0.020989505247376312
0 0.24266666666666667 0.6979010494752623 0.029333333333333333 0.020989505247376312
0 0.24266666666666667 0.6979010494752623 0.029333333333333333 0.020989505247376312
0 0.24266666666666667 0.6979010494752623 0.029333333333333333 0.020989505247376312
0 0.7693333333333333 0.7687406296851574 0.14666666666666667 0.05472263868065967
0 0.7586666666666667 0.6979010494752623 0.09066666666666667 0.050974512743628186
0 0.7493333333333333 0.691904047976012 0.013333333333333334 0.0074962518740629685
0 0.768 0.7008995502248876 0.013333333333333334 0.0074962518740629685
0 0.758 0.696776611694153 0.02266666666666667 0.012743628185907047
0 0.242 0.7687406296851574 0.22 0.05472263868065967
0 0.5 1.078710644677661 1.0 0.25787106446776614
0 0.41533333333333333 0.9666416791604198 0.044 0.021739130434782608
0 0.41533333333333333 0.9565217391304348 0.030666666666666665 0.010494752623688156
0 0.498 0.9643928035982009 0.017333333333333333 0.021739130434782608
0 0.498 0.9643928035982009 0.017333333333333333 0.021739130434782608
0 0.498 0.9643928035982009 0.017333333333333333 0.021739130434782608
0 0.498 0.9643928035982009 0.017333333333333333 0.021739130434782608
0 0.498 0.9643928035982009 0.017333333333333333 0.021739130434782608
0 0.5153333333333333 0.9647676161919041 0.02266666666666667 0.020989505247376312
0 0.5153333333333333 0.9576461769115442 0.006666666666666667 0.008245877061469266
0 0.588 0.9580209895052474 0.037333333333333336 0.005997001499250375
0 0.588 0.9553973013493253 0.005333333333333333 0.0037481259370314842
0 0.588 0.9591454272863568 0.02666666666666667 0.0022488755622188904
0 0.588 0.9632683658170914 0.02666666666666667 0.005997001499250375
0 0.588 0.9632683658170914 0.02666666666666667 0.005997001499250375
0 0.588 0.9707646176911544 0.032 0.008995502248875561
0 0.588 0.9707646176911544 0.032 0.008995502248875561
0 0.588 0.9707646176911544 0.032 0.008995502248875561
0 0.588 0.9707646176911544 0.032 0.008995502248875561
0 0.588 0.9707646176911544 0.032 0.008995502248875561
0 0.4573333333333333 0.9643928035982009 0.018666666666666668 0.021739130434782608
0 0.4573333333333333 0.9643928035982009 0.018666666666666668 0.021739130434782608
0 0.4573333333333333 0.9643928035982009 0.018666666666666668 0.021739130434782608
0 0.4573333333333333 0.9643928035982009 0.018666666666666668 0.021739130434782608
0 0.4573333333333333 0.9643928035982009 0.018666666666666668 0.021739130434782608
0 0.47533333333333333 0.9647676161919041 0.02266666666666667 0.020989505247376312
0 0.47533333333333333 0.9647676161919041 0.02266666666666667 0.020989505247376312
0 0.47533333333333333 0.9647676161919041 0.02266666666666667 0.020989505247376312
0 0.5573333333333333 0.9568965517241379 0.018666666666666668 0.0022488755622188904
0 0.5573333333333333 0.9643928035982009 0.013333333333333334 0.021739130434782608
0 0.544 0.9726386806596702 0.008 0.005247376311844078
0 0.5353333333333333 0.9666416791604198 0.009333333333333334 0.017241379310344827
0 0.5353333333333333 0.9666416791604198 0.009333333333333334 0.017241379310344827
0 0.5386666666666666 0.9613943028485757 0.016 0.01424287856071964
0 0.5546666666666666 0.9643928035982009 0.018666666666666668 0.015742128935532233
0 0.5013333333333333 0.6979010494752623 0.09066666666666667 0.050974512743628186
0 0.5026666666666667 0.6979010494752623 0.02666666666666667 0.020989505247376312
0 0.5026666666666667 0.6979010494752623 0.02666666666666667 0.020989505247376312
0 0.5013333333333333 0.6964017991004497 0.04533333333333334 0.025487256371814093
0 0.49666666666666665 0.6934032983508246 0.014666666666666666 0.010494752623688156