0 0.05266666666666667 0.05697151424287856 0.028 0.025487256371814093
0 0.11866666666666667 0.05697151424287856 0.08 0.022488755622188907
0 0.5013333333333333 0.08883058470764618 1.0053333333333334 0.0022488755622188904
0 0.5 0.050599700149925035 0.36533333333333334 0.10119940029985007
0 0.7366666666666667 0.10194902548725637 0.5266666666666666 0.20389805097451275
0 0.5 0.056596701649175414 0.21066666666666667 0.023238380809595203
0 0.5013333333333333 0.19715142428785606 0.632 0.28335832083958024
0 0.5013333333333333 0.19827586206896552 0.6133333333333333 0.27511244377811095
0 0.5013333333333333 0.05772113943028486 0.016 0.022488755622188907
0 0.5973333333333334 0.06634182908545727 0.029333333333333333 0.024737631184407798
0 0.684 0.09145427286356822 0.037333333333333336 0.0239880059970015
0 0.752 0.13043478260869565 0.042666666666666665 0.020989505247376312
0 0.796 0.17916041979010494 0.04533333333333334 0.01649175412293853
0 0.8106666666666666 0.23238380809595202 0.04 0.008995502248875561
0 0.7953333333333333 0.2871064467766117 0.044 0.01649175412293853
0 0.7506666666666667 0.335832083958021 0.042666666666666665 0.020989505247376312
0 0.4053333333333333 0.06634182908545727 0.029333333333333333 0.024737631184407798
0 0.31866666666666665 0.09070464767616192 0.037333333333333336 0.0239880059970015
0 0.24933333333333332 0.12893553223388307 0.042666666666666665 0.020989505247376312
0 0.20466666666666666 0.17766116941529236 0.044 0.01649175412293853
0 0.18866666666666668 0.23200899550224888 0.04133333333333333 0.009745127436281859
0 0.204 0.2856071964017991 0.04533333333333334 0.01649175412293853
0 0.248 0.3343328335832084 0.042666666666666665 0.020989505247376312
0 0.5 0.489880059970015 0.9306666666666666 0.4505247376311844
0 0.5 0.489880059970015 0.9306666666666666 0.4505247376311844
0 0.5 0.489880059970015 0.9306666666666666 0.4505247376311844
0 0.438 0.2556221889055472 0.47333333333333333 0.1679160419790105
0 0.766 0.3140929535232384 0.7106666666666667 0.2563718140929535
0 0.5006666666666667 0.654047976011994 0.8413333333333334 0.0007496251874062968
0 0.5 0.6787856071964018 0.024 0.0022488755622188904
0 0.5 0.6840329835082459 0.024 0.0022488755622188904
0 0.5006666666666667 0.6278110944527736 0.47333333333333333 0.021739130434782608
0 0.5 0.9355322338830585 1.0 0.25787106446776614
0 0.706 0.3804347826086957 0.036 0.020239880059970013
0 0.5 0.7518740629685158 0.9146666666666666 0.05847076461769116
0 0.5073333333333333 1.078335832083958 0.9026666666666666 0.08170914542728636
0 0.5013333333333333 0.017616191904047975 0.968 0.018740629685157422
0 0.021333333333333333 0.5 0.042666666666666665 1.0
0 0.9786666666666667 0.5 0.042666666666666665 1.0
0 0.10533333333333333 0.5 0.12533333333333332 1.0
0 0.42 0.5 0.12533333333333332 1.0
0 0.7366666666666667 0.5 0.12666666666666668 1.0
0 0.26266666666666666 0.5 0.12533333333333332 1.0
0 0.5786666666666667 0.5 0.12533333333333332 1.0
0 0.8946666666666667 0.5 0.12533333333333332 1.0
0 0.184 0.5 0.032 1.0
0 0.49933333333333335 0.5 0.03333333333333333 1.0
0 0.816 0.5 0.032 1.0
0 0.3413333333333333 0.5 0.032 1.0
0 0.6573333333333333 0.5 0.032 1.0
0 0.104 0.8605697151424287 0.08266666666666667 0.01199400299850075
0 0.104 0.9070464767616192 0.08266666666666667 0.01199400299850075
0 0.492 0.11544227886056972 0.7173333333333334 0.022488755622188907
0 0.5 0.19865067466266867 0.912 0.10794602698650675
0 0.9106666666666666 0.1990254872563718 0.021333333333333333 0.020239880059970013
0 0.12466666666666666 0.21476761619190404 0.08666666666666667 0.018740629685157422
0 0.20666666666666667 0.17953523238380809 0.25066666666666665 0.017241379310344827
0 0.5026666666666667 0.676911544227886 0.034666666666666665 0.019490254872563718
0 0.5 0.8373313343328336 0.2613333333333333 0.025487256371814093
0 0.9113333333333333 0.056596701649175414 0.08133333333333333 0.023238380809595203
0 0.6453333333333333 0.31259370314842577 0.02666666666666667 0.014992503748125937
0 0.6453333333333333 0.3092203898050975 0.005333333333333333 0.0037481259370314842
0 0.6466666666666666 0.31446776611694155 0.008 0.006746626686656672
0 0.5 0.31146926536731634 0.24533333333333332 0.020239880059970013
0 0.89 0.31334332833583206 0.13466666666666666 0.03298350824587706
0 0.8853333333333333 0.31334332833583206 0.06933333333333333 0.019490254872563718
0 0.938 0.31334332833583206 0.009333333333333334 0.008995502248875561
0 0.09066666666666667 0.7496251874062968 0.024 0.01649175412293853
0 0.09066666666666667 0.7496251874062968 0.024 0.01649175412293853
0 0.09066666666666667 0.760119940029985 0.010666666666666666 0.0029985007496251873
0 0.526 0.7522488755622189 0.804 0.018740629685157422
0 0.492 0.38193403298350825 0.24533333333333332 0.05172413793103448
0 0.6546666666666666 0.3916791604197901 0.04533333333333334 0.021739130434782608
0 0.5 0.46664167916041976 0.6133333333333333 0.06521739130434782
0 0.5 0.46664167916041976 0.6133333333333333 0.06521739130434782
0 0.49933333333333335 0.4733883058470765 0.524 0.021739130434782608
0 0.5 0.5734632683658171 0.7786666666666666 0.07646176911544228
0 0.49933333333333335 0.5719640179910045 0.188 0.025487256371814093
0 0.41533333333333333 0.9591454272863568 0.044 0.021739130434782608
0 0.41533333333333333 0.9490254872563718 0.030666666666666665 0.010494752623688156
0 0.498 0.9568965517241379 0.017333333333333333 0.021739130434782608
0 0.498 0.9568965517241379 0.017333333333333333 0.021739130434782608
0 0.498 0.9568965517241379 0.017333333333333333 0.021739130434782608
0 0.498 0.9568965517241379 0.017333333333333333 0.021739130434782608
0 0.498 0.9568965517241379 0.017333333333333333 0.021739130434782608
0 0.5153333333333333 0.9572713643178411 0.02266666666666667 0.020989505247376312
0 0.5153333333333333 0.9501499250374813 0.006666666666666667 0.008245877061469266
0 0.588 0.9505247376311844 0.037333333333333336 0.005997001499250375
0 0.588 0.9479010494752623 0.005333333333333333 0.0037481259370314842
0 0.588 0.9516491754122939 0.02666666666666667 0.0022488755622188904
0 0.588 0.9557721139430285 0.02666666666666667 0.005997001499250375
0 0.588 0.9557721139430285 0.02666666666666667 0.005997001499250375
0 0.588 0.9632683658170914 0.032 0.008995502248875561
0 0.588 0.9632683658170914 0.032 0.008995502248875561
0 0.588 0.9632683658170914 0.032 0.008995502248875561
0 0.588 0.9632683658170914 0.032 0.008995502248875561
0 0.588 0.9632683658170914 0.032 0.008995502248875561
0 0.4573333333333333 0.9568965517241379 0.018666666666666668 0.021739130434782608
0 0.4573333333333333 0.9568965517241379 0.018666666666666668 0.021739130434782608
0 0.4573333333333333 0.9568965517241379 0.018666666666666668 0.021739130434782608
0 0.4573333333333333 0.9568965517241379 0.018666666666666668 0.021739130434782608
0 0.4573333333333333 0.9568965517241379 0.018666666666666668 0.021739130434782608
0 0.47533333333333333 0.9572713643178411 0.02266666666666667 0.020989505247376312
0 0.47533333333333333 0.9572713643178411 0.02266666666666667 0.020989505247376312
0 0.47533333333333333 0.9572713643178411 0.02266666666666667 0.020989505247376312
0 0.5573333333333333 0.949400299850075 0.018666666666666668 0.0022488755622188904
0 0.5573333333333333 0.9568965517241379 0.013333333333333334 0.021739130434782608
0 0.544 0.9651424287856072 0.008 0.005247376311844078
0 0.5353333333333333 0.9591454272863568 0.009333333333333334 0.017241379310344827
0 0.5353333333333333 0.9591454272863568 0.009333333333333334 0.017241379310344827
0 0.5386666666666666 0.9538980509745127 0.016 0.01424287856071964
0 0.5546666666666666 0.9568965517241379 0.018666666666666668 0.015742128935532233