0 0.5 0.049100449775112444 1.0 0.0967016491754123
0 0.5 0.13493253373313344 1.0 0.07496251874062969
0 0.22666666666666666 0.13530734632683658 0.16533333333333333 0.023238380809595203
0 0.73 0.1345577211394303 0.32666666666666666 0.020239880059970013
0 0.07333333333333333 0.13493253373313344 0.06666666666666667 0.037481259370314844
0 0.07333333333333333 0.13493253373313344 0.06666666666666667 0.037481259370314844
0 0.07333333333333333 0.13493253373313344 0.06666666666666667 0.037481259370314844
0 0.9466666666666667 0.13493253373313344 0.029333333333333333 0.01649175412293853
0 0.9466666666666667 0.13493253373313344 0.029333333333333333 0.01649175412293853
0 0.5 0.2664917541229385 1.0 0.05322338830584707
0 0.5 0.40292353823088456 1.0 0.0712143928035982
0 0.5 0.4733883058470765 1.0 0.0712143928035982
0 0.5 0.5438530734632684 1.0 0.0712143928035982
0 0.108 0.5599700149925038 0.13333333333333333 0.01199400299850075
0 0.07333333333333333 0.5356071964017991 0.06133333333333333 0.018740629685157422
0 0.86 0.4025487256371814 0.2 0.044977511244377814
0 0.8626666666666667 0.40367316341829085 0.13866666666666666 0.020239880059970013
0 0.6106666666666667 0.4032983508245877 0.13333333333333333 0.022488755622188907
0 0.86 0.47301349325337333 0.2 0.044977511244377814
0 0.86 0.47413793103448276 0.16266666666666665 0.020239880059970013
0 0.6093333333333333 0.4737631184407796 0.136 0.022488755622188907
0 0.86 0.5434782608695652 0.2 0.044977511244377814
0 0.8606666666666667 0.5446026986506747 0.164 0.020239880059970013
0 0.6253333333333333 0.5442278860569715 0.10133333333333333 0.022488755622188907
0 0.5 0.6847826086956522 1.0 0.0712143928035982
0 0.5 0.7552473763118441 1.0 0.0712143928035982
0 0.5 0.6143178410794603 1.0 0.0712143928035982
0 0.09066666666666667 0.7016491754122939 0.09866666666666667 0.01199400299850075
0 0.102 0.6761619190404797 0.11866666666666667 0.0239880059970015
0 0.86 0.684407796101949 0.2 0.044977511244377814
0 0.8406666666666667 0.6990254872563718 0.13733333333333334 0.0472263868065967
0 0.622 0.6851574212893553 0.1 0.022488755622188907
0 0.13066666666666665 0.39430284857571213 0.17333333333333334 0.0239880059970015
0 0.09866666666666667 0.4197901049475262 0.11466666666666667 0.01199400299850075
0 0.017333333333333333 0.39430284857571213 0.034666666666666665 0.014992503748125937
0 0.018 0.39430284857571213 0.028 0.008995502248875561
0 0.13066666666666665 0.46476761619190404 0.17866666666666667 0.0239880059970015
0 0.11533333333333333 0.489880059970015 0.14533333333333334 0.01424287856071964
0 0.017333333333333333 0.46551724137931033 0.034666666666666665 0.014992503748125937
0 0.018 0.46476761619190404 0.028 0.008995502248875561
0 0.8613333333333333 0.6139430284857571 0.2 0.044977511244377814
0 0.86 0.6150674662668666 0.16266666666666665 0.020239880059970013
0 0.6033333333333334 0.6146926536731634 0.14 0.022488755622188907
0 0.176 0.6053223388305847 0.2693333333333333 0.024737631184407798
0 0.07866666666666666 0.631184407796102 0.07466666666666667 0.01199400299850075
0 0.017333333333333333 0.6049475262368815 0.034666666666666665 0.014992503748125937
0 0.01 0.6105697151424287 0.014666666666666666 0.021739130434782608
0 0.8613333333333333 0.7548725637181409 0.2 0.044977511244377814
0 0.8586666666666667 0.7559970014992504 0.15466666666666667 0.020239880059970013
0 0.61 0.7556221889055472 0.12666666666666668 0.022488755622188907
0 0.13066666666666665 0.7466266866566716 0.17866666666666667 0.0239880059970015
0 0.07066666666666667 0.7721139430284858 0.06133333333333333 0.01199400299850075
0 0.017333333333333333 0.7473763118440779 0.034666666666666665 0.014992503748125937
0 0.01 0.7529985007496252 0.014666666666666666 0.021739130434782608
0 0.5 0.8264617691154422 1.0 0.07571214392803598
0 0.52 0.8272113943028486 0.15733333333333333 0.021739130434782608
1 0.4146666666666667 0.8275862068965517 0.02666666666666667 0.014992503748125937
2 0.4146666666666667 0.8275862068965517 0.02666666666666667 0.014992503748125937
0 0.952 0.2616191904047976 0.016 0.004497751124437781
0 0.952 0.27136431784107945 0.016 0.004497751124437781
0 -0.7133333333333334 2.1428035982008997 0.8266666666666667 0.8268365817091454
0 0.13066666666666665 0.2661169415292354 0.024 0.0074962518740629685
0 0.5 0.2098950524737631 1.0 0.05997001499250375
0 0.37933333333333336 0.2098950524737631 0.076 0.020989505247376312
0 0.6273333333333333 0.2098950524737631 0.076 0.020989505247376312
0 0.8753333333333333 0.21026986506746626 0.076 0.021739130434782608
0 0.592 0.26574212893553223 0.10933333333333334 0.020239880059970013
0 0.876 0.2661169415292354 0.10933333333333334 0.019490254872563718
0 0.07533333333333334 0.27211394302848574 0.07333333333333333 0.020989505247376312
0 0.5 0.962143928035982 1.0 0.07571214392803598
0 0.12866666666666668 0.9857571214392804 0.052 0.014992503748125937
0 0.638 0.9868815592203898 0.052 0.01424287856071964
0 0.8693333333333333 0.9868815592203898 0.02666666666666667 0.01424287856071964
0 0.38666666666666666 0.987256371814093 0.05333333333333334 0.013493253373313344
0 0.13066666666666665 0.9535232383808095 0.06133333333333333 0.035982008995502246
0 0.13066666666666665 0.9535232383808095 0.06133333333333333 0.035982008995502246
0 0.8693333333333333 0.9482758620689655 0.037333333333333336 0.020989505247376312
0 0.8693333333333333 0.9666416791604198 0.064 0.009745127436281859
0 0.8693333333333333 0.9482758620689655 0.037333333333333336 0.020989505247376312
0 0.8693333333333333 0.9666416791604198 0.064 0.009745127436281859
0 0.636 0.9561469265367316 0.06133333333333333 0.03373313343328336
0 0.636 0.9572713643178411 0.024 0.005997001499250375
0 0.636 0.9561469265367316 0.06133333333333333 0.03373313343328336
0 0.636 0.9572713643178411 0.024 0.005997001499250375
0 0.3873333333333333 0.9505247376311844 0.06 0.0239880059970015
0 0.388 0.9606446776611695 0.06133333333333333 0.020239880059970013
0 0.3873333333333333 0.9505247376311844 0.06 0.0239880059970015
0 0.388 0.9591454272863568 0.06133333333333333 0.023238380809595203
0 0.668 0.2616191904047976 0.016 0.004497751124437781
0 0.668 0.27136431784107945 0.016 0.004497751124437781
0 0.12933333333333333 0.21026986506746626 0.072 0.021739130434782608
0 0.12666666666666668 0.2383808095952024 0.12 0.0029985007496251873
0 0.41333333333333333 0.06296851574212893 0.17333333333333334 0.041979010494752625
0 0.5 0.06296851574212893 0.3466666666666667 0.041979010494752625
0 0.41333333333333333 0.06296851574212893 0.07733333333333334 0.020989505247376312
0 0.584 0.06334332833583209 0.07466666666666667 0.021739130434782608
0 0.06666666666666667 0.06146926536731634 0.04533333333333334 0.025487256371814093
0 0.086 0.07308845577211394 0.014666666666666666 0.008245877061469266
1 0.9313333333333333 0.06334332833583209 0.04666666666666667 0.023238380809595203
2 0.9313333333333333 0.06334332833583209 0.04666666666666667 0.023238380809595203
2 0.9313333333333333 0.06334332833583209 0.04666666666666667 0.023238380809595203
2 0.9313333333333333 0.06334332833583209 0.04666666666666667 0.023238380809595203
2 0.9313333333333333 0.06334332833583209 0.04666666666666667 0.023238380809595203
2 0.9313333333333333 0.06334332833583209 0.04666666666666667 0.023238380809595203
0 0.832 0.06296851574212893 0.037333333333333336 0.020989505247376312
0 0.832 0.04872563718140929 0.005333333333333333 0.0029985007496251873
0 0.832 0.07721139430284858 0.005333333333333333 0.0029985007496251873
0 0.8573333333333333 0.06296851574212893 0.005333333333333333 0.0029985007496251873
0 0.8066666666666666 0.06296851574212893 0.005333333333333333 0.0029985007496251873
0 0.85 0.05284857571214393 0.006666666666666667 0.0037481259370314842
0 0.814 0.07308845577211394 0.006666666666666667 0.0037481259370314842
0 0.814 0.05284857571214393 0.006666666666666667 0.0037481259370314842
0 0.85 0.07308845577211394 0.006666666666666667 0.0037481259370314842
0 0.024 0.015367316341829085 0.016 0.009745127436281859
0 0.042666666666666665 0.015367316341829085 0.016 0.009745127436281859
0 0.06133333333333333 0.015367316341829085 0.016 0.009745127436281859
0 0.08 0.015367316341829085 0.016 0.009745127436281859
0 0.08 0.015367316341829085 0.016 0.009745127436281859
0 0.09866666666666667 0.015367316341829085 0.016 0.009745127436281859
0 0.09866666666666667 0.015367316341829085 0.016 0.009745127436281859
1 0.13466666666666666 0.014992503748125937 0.032 0.014992503748125937
2 0.13466666666666666 0.014992503748125937 0.032 0.014992503748125937
2 0.13466666666666666 0.014992503748125937 0.032 0.014992503748125937
0 0.5013333333333333 0.015742128935532233 0.10933333333333334 0.013493253373313344
0 0.952 0.015367316341829085 0.06133333333333333 0.015742128935532233
0 0.952 0.015367316341829085 0.06133333333333333 0.015742128935532233
0 0.956 0.015367316341829085 0.064 0.012743628185907047
0 0.956 0.015367316341829085 0.064 0.012743628185907047
0 0.8793333333333333 0.015742128935532233 0.05733333333333333 0.013493253373313344
1 0.8233333333333334 0.015367316341829085 0.02266666666666667 0.021739130434782608
2 0.8233333333333334 0.015367316341829085 0.02266666666666667 0.021739130434782608
2 0.8233333333333334 0.015367316341829085 0.02266666666666667 0.021739130434782608
0 0.5 0.9145427286356822 0.728 0.046476761619190406
0 0.5 0.3302098950524738 1.0 0.07571214392803598
0 0.9466666666666667 0.32983508245877063 0.029333333333333333 0.01649175412293853
0 0.9466666666666667 0.32983508245877063 0.029333333333333333 0.01649175412293853
0 0.7653333333333333 0.3305847076461769 0.2 0.038980509745127435
0 0.7653333333333333 0.33095952023988007 0.12533333333333332 0.017241379310344827
0 0.39466666666666667 0.3302098950524738 0.49066666666666664 0.023238380809595203
0 0.07333333333333333 0.3302098950524738 0.06666666666666667 0.027736131934032984
0 0.07333333333333333 0.3302098950524738 0.06666666666666667 0.027736131934032984
0 0.07333333333333333 0.3313343328335832 0.021333333333333333 0.0029985007496251873
0 0.07333333333333333 0.33095952023988007 0.005333333333333333 0.012743628185907047