0 0.5 0.22352216748768472 1.0 0.09236453201970443
0 0.5 0.5929802955665024 1.0 0.09236453201970443
0 0.5 0.4082512315270936 1.0 0.09236453201970443
0 0.5 0.7777093596059114 1.0 0.09236453201970443
0 0.5 0.958128078817734 1.0 0.08374384236453201
0 0.5 0.3158866995073892 1.0 0.09236453201970443
0 0.5 0.6853448275862069 1.0 0.09236453201970443
0 0.5 0.500615763546798 1.0 0.09236453201970443
0 0.5 0.8700738916256158 1.0 0.09236453201970443
0 0.5 0.937807881773399 1.0 0.11945812807881774
0 0.5 0.9415024630541872 1.0 0.11699507389162561
0 0.5 0.08866995073891626 1.0 0.17733990147783252
0 0.5 0.08620689655172414 1.0 0.1724137931034483
0 0.5 0.13177339901477833 0.9146666666666666 0.04433497536945813
1 0.904 0.13238916256157635 0.032 0.023399014778325122
2 0.904 0.13238916256157635 0.032 0.023399014778325122
0 0.20533333333333334 0.13177339901477833 0.13333333333333333 0.017241379310344827
1 0.10133333333333333 0.13177339901477833 0.037333333333333336 0.017241379310344827
2 0.10133333333333333 0.13177339901477833 0.037333333333333336 0.017241379310344827
0 0.5 0.979064039408867 1.0 0.04187192118226601
0 0.5 0.5 1.0 1.0
0 0.5 0.027093596059113302 1.0 0.054187192118226604
1 0.9253333333333333 0.02832512315270936 0.058666666666666666 0.014778325123152709
2 0.96 0.02832512315270936 0.005333333333333333 0.0049261083743842365
2 0.9253333333333333 0.02832512315270936 0.048 0.009852216748768473
1 0.8613333333333333 0.02832512315270936 0.042666666666666665 0.014778325123152709
2 0.8613333333333333 0.02832512315270936 0.042666666666666665 0.014778325123152709
2 0.8613333333333333 0.02832512315270936 0.042666666666666665 0.014778325123152709
1 0.8053333333333333 0.02832512315270936 0.048 0.014778325123152709
2 0.8053333333333333 0.02832512315270936 0.048 0.014778325123152709
2 0.8053333333333333 0.02832512315270936 0.048 0.014778325123152709
2 0.8053333333333333 0.02832512315270936 0.048 0.014778325123152709
0 0.12666666666666668 0.03078817733990148 0.06666666666666667 0.014778325123152709
0 0.5 0.07943349753694581 0.22133333333333333 0.020935960591133004
0 0.5 0.9501231527093597 0.08266666666666667 0.011083743842364532
1 0.5013333333333333 0.9199507389162561 0.06933333333333333 0.03201970443349754
2 0.5013333333333333 0.9199507389162561 0.06933333333333333 0.03201970443349754
2 0.5013333333333333 0.9199507389162561 0.06933333333333333 0.03201970443349754
2 0.5013333333333333 0.9199507389162561 0.06933333333333333 0.03201970443349754
2 0.5013333333333333 0.9199507389162561 0.06933333333333333 0.03201970443349754
2 0.5013333333333333 0.9199507389162561 0.06933333333333333 0.03201970443349754
2 0.5013333333333333 0.9199507389162561 0.06933333333333333 0.03201970443349754
2 0.5013333333333333 0.9199507389162561 0.06933333333333333 0.03201970443349754
0 0.832 0.9501231527093597 0.064 0.011083743842364532
1 0.8346666666666667 0.9199507389162561 0.07466666666666667 0.034482758620689655
2 0.8346666666666667 0.9199507389162561 0.07466666666666667 0.034482758620689655
0 0.168 0.9501231527093597 0.11733333333333333 0.011083743842364532
0 0.168 0.9205665024630542 0.07466666666666667 0.03571428571428571