0 -0.148 5.2766116941529235 0.08533333333333333 0.047976011994003
0 -0.14733333333333334 5.276986506746627 0.06533333333333333 0.03673163418290855
0 -0.18733333333333332 5.301349325337331 0.03866666666666667 0.020989505247376312
0 0.7933333333333333 0.14805097451274363 0.408 0.15517241379310345
0 0.7933333333333333 0.14805097451274363 0.408 0.15517241379310345
0 0.752 0.1184407796101949 0.07466666666666667 0.025487256371814093
0 0.7933333333333333 0.15179910044977513 0.3333333333333333 0.0007496251874062968
0 0.7893333333333333 0.18590704647676162 0.14933333333333335 0.025487256371814093
0 0.6573333333333333 0.18553223388305848 0.048 0.027736131934032984
0 0.658 0.1199400299850075 0.052 0.02848575712143928
0 0.658 0.11806596701649176 0.028 0.0037481259370314842
0 0.658 0.11806596701649176 0.028 0.0037481259370314842
0 0.658 0.11806596701649176 0.028 0.0037481259370314842
0 0.5 0.12293853073463268 1.0 0.05247376311844078
0 0.5 0.5483508245877061 1.0 0.9032983508245878
0 0.5 0.12293853073463268 1.0 0.05247376311844078
0 0.5 0.22826086956521738 1.0 0.2631184407796102
0 0.5 0.047976011994003 1.0 0.095952023988006
1 0.932 0.06371814092953523 0.050666666666666665 0.005997001499250375
2 0.932 0.06371814092953523 0.050666666666666665 0.005997001499250375
2 0.932 0.06371814092953523 0.050666666666666665 0.005997001499250375
0 0.052 0.06296851574212893 0.02666666666666667 0.025487256371814093
0 0.116 0.06371814092953523 0.08 0.022488755622188907
0 0.5006666666666667 0.05209895052473763 0.3933333333333333 0.021739130434782608
0 0.024 0.015367316341829085 0.016 0.009745127436281859
0 0.042666666666666665 0.015367316341829085 0.016 0.009745127436281859
0 0.06133333333333333 0.015367316341829085 0.016 0.009745127436281859
0 0.08 0.015367316341829085 0.016 0.009745127436281859
0 0.08 0.015367316341829085 0.016 0.009745127436281859
0 0.09866666666666667 0.015367316341829085 0.016 0.009745127436281859
0 0.09866666666666667 0.015367316341829085 0.016 0.009745127436281859
1 0.13466666666666666 0.014992503748125937 0.032 0.014992503748125937
2 0.13466666666666666 0.014992503748125937 0.032 0.014992503748125937
2 0.13466666666666666 0.014992503748125937 0.032 0.014992503748125937
0 0.5013333333333333 0.015742128935532233 0.10933333333333334 0.013493253373313344
0 0.952 0.015367316341829085 0.06133333333333333 0.015742128935532233
0 0.952 0.015367316341829085 0.06133333333333333 0.015742128935532233
0 0.956 0.015367316341829085 0.064 0.012743628185907047
0 0.956 0.015367316341829085 0.064 0.012743628185907047
0 0.8793333333333333 0.015742128935532233 0.05733333333333333 0.013493253373313344
1 0.8233333333333334 0.015367316341829085 0.02266666666666667 0.021739130434782608
2 0.8233333333333334 0.015367316341829085 0.02266666666666667 0.021739130434782608
2 0.8233333333333334 0.015367316341829085 0.02266666666666667 0.021739130434782608
0 0.5 0.07646176911544228 0.30666666666666664 0.01649175412293853
0 0.094 0.18703148425787106 0.108 0.020239880059970013
0 0.2986666666666667 0.1874062968515742 0.10933333333333334 0.019490254872563718
0 0.4826666666666667 0.1874062968515742 0.06133333333333333 0.0014992503748125937
0 0.872 0.18778110944527737 0.17333333333333334 0.018740629685157422
0 0.09466666666666666 0.23950524737631185 0.10933333333333334 0.020239880059970013
0 0.2986666666666667 0.239880059970015 0.10933333333333334 0.019490254872563718
0 0.5173333333333333 0.24025487256371814 0.14133333333333334 0.018740629685157422
0 0.8713333333333333 0.24025487256371814 0.172 0.018740629685157422
0 0.09466666666666666 0.2919790104947526 0.10933333333333334 0.020239880059970013
0 0.28 0.29235382308845576 0.072 0.019490254872563718
0 0.4826666666666667 0.29235382308845576 0.06133333333333333 0.0014992503748125937
0 0.9226666666666666 0.29235382308845576 0.06133333333333333 0.0014992503748125937
0 0.094 0.34445277361319343 0.108 0.020239880059970013
0 0.2986666666666667 0.3448275862068966 0.10933333333333334 0.019490254872563718
0 0.4826666666666667 0.3448275862068966 0.06133333333333333 0.0014992503748125937
0 0.872 0.3452023988005997 0.17333333333333334 0.018740629685157422
0 0.09466666666666666 0.3969265367316342 0.10933333333333334 0.020239880059970013
0 0.31733333333333336 0.41191904047976013 0.14666666666666667 0.05022488755622189
0 0.5173333333333333 0.3976761619190405 0.14133333333333334 0.018740629685157422
0 0.8713333333333333 0.3976761619190405 0.172 0.018740629685157422
0 0.09466666666666666 0.47938530734632684 0.10933333333333334 0.020239880059970013
0 0.28 0.47976011994003 0.072 0.019490254872563718
0 0.4826666666666667 0.47976011994003 0.06133333333333333 0.0014992503748125937
0 0.9226666666666666 0.47976011994003 0.06133333333333333 0.0014992503748125937
0 0.28 0.12293853073463268 0.072 0.019490254872563718
0 0.5386666666666666 0.12293853073463268 0.184 0.019490254872563718
0 0.922 0.12293853073463268 0.07066666666666667 0.019490254872563718
0 0.07466666666666667 0.12293853073463268 0.06933333333333333 0.019490254872563718