0 0.5 0.32458770614692656 0.2826666666666667 0.15892053973013492
0 0.5 0.3294602698650675 1.112 0.6019490254872564
0 0.5613333333333334 0.43103448275862066 0.08533333333333333 0.0239880059970015
0 0.023333333333333334 0.015742128935532233 0.014666666666666666 0.008995502248875561
0 0.042 0.015742128935532233 0.014666666666666666 0.008995502248875561
0 0.06066666666666667 0.015742128935532233 0.014666666666666666 0.008995502248875561
0 0.07933333333333334 0.015742128935532233 0.014666666666666666 0.008995502248875561
0 0.07933333333333334 0.015742128935532233 0.014666666666666666 0.008995502248875561
0 0.098 0.015742128935532233 0.014666666666666666 0.008995502248875561
0 0.098 0.015742128935532233 0.014666666666666666 0.008995502248875561
0 0.156 0.01649175412293853 0.08 0.013493253373313344
1 0.228 0.01461769115442279 0.032 0.01424287856071964
2 0.228 0.01461769115442279 0.032 0.01424287856071964
2 0.228 0.01461769115442279 0.032 0.01424287856071964
0 0.49933333333333335 0.016116941529235384 0.11066666666666666 0.01424287856071964
0 0.9486666666666667 0.015742128935532233 0.06 0.014992503748125937
0 0.9486666666666667 0.015742128935532233 0.06 0.014992503748125937
0 0.9526666666666667 0.015742128935532233 0.06266666666666666 0.01199400299850075
0 0.9526666666666667 0.015742128935532233 0.06266666666666666 0.01199400299850075
0 0.8786666666666667 0.016116941529235384 0.06133333333333333 0.01424287856071964
1 0.82 0.015742128935532233 0.021333333333333333 0.020989505247376312
2 0.82 0.015742128935532233 0.021333333333333333 0.020989505247376312
2 0.82 0.015742128935532233 0.021333333333333333 0.020989505247376312
0 0.666 0.3482008995502249 0.06 0.1431784107946027
0 0.3453333333333333 0.34895052473763116 0.06133333333333333 0.1431784107946027
0 0.7506666666666667 0.31334332833583206 0.06666666666666667 0.043478260869565216
0 0.22933333333333333 0.3129685157421289 0.09333333333333334 0.07571214392803598
0 0.5066666666666667 0.5311094452773614 0.48 0.023238380809595203
0 0.49933333333333335 0.43215892053973015 0.4653333333333333 0.023238380809595203
0 0.464 0.5925787106446777 0.39466666666666667 0.023238380809595203
0 0.42133333333333334 0.654047976011994 0.30933333333333335 0.023238380809595203
0 0.9173333333333333 0.06484257871064468 0.08266666666666667 0.023238380809595203
0 0.49866666666666665 0.3875562218890555 0.39466666666666667 0.035982008995502246
0 0.5 0.28598200899550225 0.08533333333333333 0.03673163418290855
0 0.5 0.2848575712143928 0.19733333333333333 0.11094452773613193