0 0.5 0.383808095952024 1.0 0.13493253373313344
0 0.5 0.15817091454272864 1.0 0.31634182908545727
0 0.49866666666666665 0.2098950524737631 0.424 0.05247376311844078
0 0.5006666666666667 0.14880059970014992 0.20933333333333334 0.020239880059970013
0 0.052 0.06371814092953523 0.024 0.0239880059970015
0 0.116 0.06371814092953523 0.08 0.022488755622188907
0 0.5006666666666667 0.06146926536731634 0.188 0.025487256371814093
0 0.023333333333333334 0.015742128935532233 0.014666666666666666 0.008995502248875561
0 0.042 0.015742128935532233 0.014666666666666666 0.008995502248875561
0 0.06066666666666667 0.015742128935532233 0.014666666666666666 0.008995502248875561
0 0.07933333333333334 0.015742128935532233 0.014666666666666666 0.008995502248875561
0 0.07933333333333334 0.015742128935532233 0.014666666666666666 0.008995502248875561
0 0.098 0.015742128935532233 0.014666666666666666 0.008995502248875561
0 0.098 0.015742128935532233 0.014666666666666666 0.008995502248875561
0 0.156 0.01649175412293853 0.08 0.013493253373313344
1 0.228 0.01461769115442279 0.032 0.01424287856071964
2 0.228 0.01461769115442279 0.032 0.01424287856071964
2 0.228 0.01461769115442279 0.032 0.01424287856071964
0 0.49933333333333335 0.016116941529235384 0.11066666666666666 0.01424287856071964
0 0.9486666666666667 0.015742128935532233 0.06 0.014992503748125937
0 0.9486666666666667 0.015742128935532233 0.06 0.014992503748125937
0 0.9526666666666667 0.015742128935532233 0.06266666666666666 0.01199400299850075
0 0.9526666666666667 0.015742128935532233 0.06266666666666666 0.01199400299850075
0 0.8786666666666667 0.016116941529235384 0.06133333333333333 0.01424287856071964
1 0.82 0.015742128935532233 0.021333333333333333 0.020989505247376312
2 0.82 0.015742128935532233 0.021333333333333333 0.020989505247376312
2 0.82 0.015742128935532233 0.021333333333333333 0.020989505247376312
0 0.9366666666666666 0.06184407796101949 0.04666666666666667 0.03073463268365817
0 0.9366666666666666 0.05322338830584707 0.030666666666666665 0.0014992503748125937
0 0.936 0.0595952023988006 0.029333333333333333 0.0022488755622188904
0 0.9306666666666666 0.06446776611694154 0.018666666666666668 0.0014992503748125937
0 0.5 0.6049475262368815 1.0 0.1424287856071964
0 0.262 0.631559220389805 0.2813333333333333 0.018740629685157422
0 0.812 0.6308095952023988 0.2853333333333333 0.018740629685157422
0 0.18333333333333332 0.5865817091454273 0.124 0.023238380809595203
1 0.06666666666666667 0.5862068965517241 0.05333333333333334 0.029985007496251874
2 0.06666666666666667 0.5862068965517241 0.05333333333333334 0.029985007496251874
0 0.5 0.7473763118440779 1.0 0.1424287856071964
0 0.262 0.7739880059970015 0.2813333333333333 0.018740629685157422
0 0.8153333333333334 0.7732383808095952 0.2786666666666667 0.018740629685157422
0 0.18333333333333332 0.7290104947526237 0.124 0.023238380809595203
1 0.068 0.7290104947526237 0.058666666666666666 0.02623688155922039
2 0.068 0.7290104947526237 0.058666666666666666 0.02623688155922039
2 0.068 0.7290104947526237 0.058666666666666666 0.02623688155922039
2 0.068 0.7290104947526237 0.058666666666666666 0.02623688155922039
0 0.82 0.383808095952024 0.28 0.05247376311844078
0 0.8186666666666667 0.383808095952024 0.21866666666666668 0.020989505247376312
0 0.5 0.7931034482758621 1.0 0.4992503748125937
0 0.16533333333333333 0.4032983508245877 0.24533333333333332 0.031484257871064465
0 0.33066666666666666 0.4002998500749625 0.018666666666666668 0.020989505247376312
0 0.18266666666666667 0.35644677661169416 0.2826666666666667 0.020239880059970013
0 0.7173333333333334 -0.26574212893553223 0.33866666666666667 0.03223388305847077
0 0.5 0.9576461769115442 1.0 0.08470764617691154
0 0.36133333333333334 0.9625187406296851 0.064 0.035982008995502246
0 0.36133333333333334 0.9625187406296851 0.034666666666666665 0.0014992503748125937
0 0.36133333333333334 0.9625187406296851 0.0026666666666666666 0.019490254872563718
0 0.5406666666666666 0.9628935532233883 0.252 0.023238380809595203
0 0.5 0.48500749625187406 1.0 0.06746626686656672
0 0.10866666666666666 0.48500749625187406 0.14533333333333334 0.019490254872563718
0 0.9493333333333334 0.48500749625187406 0.021333333333333333 0.019490254872563718