0 0.5006666666666667 0.060719640179910044 0.38533333333333336 0.03298350824587706
0 0.16933333333333334 0.3118440779610195 0.176 0.0239880059970015
0 0.5 0.39655172413793105 0.8426666666666667 0.0014992503748125937
0 0.2833333333333333 0.36019490254872566 0.4066666666666667 0.024737631184407798
0 0.192 0.46326836581709147 0.224 0.0239880059970015
0 0.5 0.547976011994003 0.8426666666666667 0.0014992503748125937
0 0.19333333333333333 0.5116191904047976 0.22666666666666666 0.024737631184407798
0 0.2826666666666667 0.6143178410794603 0.4053333333333333 0.024737631184407798
0 0.49866666666666665 0.699400299850075 0.8426666666666667 0.0014992503748125937
0 0.35 0.717391304347826 0.5426666666666666 0.017991004497751123
0 0.196 0.6656671664167916 0.22133333333333333 0.0239880059970015
0 0.12533333333333332 0.7657421289355323 0.088 0.024737631184407798
0 0.5 0.8508245877061469 0.8426666666666667 0.0014992503748125937
0 0.17066666666666666 0.8144677661169415 0.176 0.024737631184407798
0 0.39866666666666667 0.1787856071964018 0.632 0.04272863568215892
0 0.052 0.06371814092953523 0.024 0.0239880059970015
0 0.116 0.06371814092953523 0.08 0.022488755622188907
0 0.5 0.962143928035982 1.0 0.07571214392803598
0 0.5 0.962143928035982 0.088 0.024737631184407798
0 0.27066666666666667 0.22863568215892055 0.13066666666666665 0.02848575712143928
0 0.31466666666666665 0.22826086956521738 0.4666666666666667 0.023238380809595203
0 0.023333333333333334 0.015742128935532233 0.014666666666666666 0.008995502248875561
0 0.042 0.015742128935532233 0.014666666666666666 0.008995502248875561
0 0.06066666666666667 0.015742128935532233 0.014666666666666666 0.008995502248875561
0 0.07933333333333334 0.015742128935532233 0.014666666666666666 0.008995502248875561
0 0.07933333333333334 0.015742128935532233 0.014666666666666666 0.008995502248875561
0 0.098 0.015742128935532233 0.014666666666666666 0.008995502248875561
0 0.098 0.015742128935532233 0.014666666666666666 0.008995502248875561
0 0.156 0.01649175412293853 0.08 0.013493253373313344
1 0.228 0.01461769115442279 0.032 0.01424287856071964
2 0.228 0.01461769115442279 0.032 0.01424287856071964
2 0.228 0.01461769115442279 0.032 0.01424287856071964
0 0.49933333333333335 0.016116941529235384 0.11066666666666666 0.01424287856071964
0 0.9486666666666667 0.015742128935532233 0.06 0.014992503748125937
0 0.9486666666666667 0.015742128935532233 0.06 0.014992503748125937
0 0.9526666666666667 0.015742128935532233 0.06266666666666666 0.01199400299850075
0 0.9526666666666667 0.015742128935532233 0.06266666666666666 0.01199400299850075
0 0.8786666666666667 0.016116941529235384 0.06133333333333333 0.01424287856071964
1 0.82 0.015742128935532233 0.021333333333333333 0.020989505247376312
2 0.82 0.015742128935532233 0.021333333333333333 0.020989505247376312
2 0.82 0.015742128935532233 0.021333333333333333 0.020989505247376312