0 0.5006666666666667 0.060719640179910044 0.38533333333333336 0.03298350824587706
0 0.26 0.4883808095952024 0.36 0.024737631184407798
0 0.49866666666666665 0.5734632683658171 0.8426666666666667 0.0014992503748125937
0 0.21466666666666667 0.5371064467766117 0.2693333333333333 0.024737631184407798
0 0.19333333333333333 0.328335832083958 0.224 0.0239880059970015
0 0.5 0.41304347826086957 0.8426666666666667 0.0014992503748125937
0 0.20066666666666666 0.3793103448275862 0.228 0.022488755622188907
0 0.892 0.48950524737631185 0.136 0.046476761619190406
0 0.9186666666666666 0.4970014992503748 0.12533333333333332 0.07196401799100449
0 0.19333333333333333 0.6401799100449775 0.224 0.0239880059970015
0 0.2846666666666667 0.6885307346326837 0.4066666666666667 0.024737631184407798
0 0.5 0.7578710644677661 0.8426666666666667 0.0014992503748125937
0 0.29933333333333334 0.7263868065967016 0.436 0.017991004497751123
0 0.44 0.1787856071964018 0.7146666666666667 0.04272863568215892
0 0.30733333333333335 0.22826086956521738 0.452 0.023238380809595203
0 0.052 0.06371814092953523 0.024 0.0239880059970015
0 0.116 0.06371814092953523 0.08 0.022488755622188907
0 0.5 0.962143928035982 1.0 0.07571214392803598
0 0.5 0.962143928035982 0.088 0.024737631184407798
0 0.5 0.8586956521739131 0.7333333333333333 0.04272863568215892
0 0.023333333333333334 0.015742128935532233 0.014666666666666666 0.008995502248875561
0 0.042 0.015742128935532233 0.014666666666666666 0.008995502248875561
0 0.06066666666666667 0.015742128935532233 0.014666666666666666 0.008995502248875561
0 0.07933333333333334 0.015742128935532233 0.014666666666666666 0.008995502248875561
0 0.07933333333333334 0.015742128935532233 0.014666666666666666 0.008995502248875561
0 0.098 0.015742128935532233 0.014666666666666666 0.008995502248875561
0 0.098 0.015742128935532233 0.014666666666666666 0.008995502248875561
0 0.156 0.01649175412293853 0.08 0.013493253373313344
1 0.228 0.01461769115442279 0.032 0.01424287856071964
2 0.228 0.01461769115442279 0.032 0.01424287856071964
2 0.228 0.01461769115442279 0.032 0.01424287856071964
0 0.49933333333333335 0.016116941529235384 0.11066666666666666 0.01424287856071964
0 0.9486666666666667 0.015742128935532233 0.06 0.014992503748125937
0 0.9486666666666667 0.015742128935532233 0.06 0.014992503748125937
0 0.9526666666666667 0.015742128935532233 0.06266666666666666 0.01199400299850075
0 0.9526666666666667 0.015742128935532233 0.06266666666666666 0.01199400299850075
0 0.8786666666666667 0.016116941529235384 0.06133333333333333 0.01424287856071964
1 0.82 0.015742128935532233 0.021333333333333333 0.020989505247376312
2 0.82 0.015742128935532233 0.021333333333333333 0.020989505247376312
2 0.82 0.015742128935532233 0.021333333333333333 0.020989505247376312