0 0.5 0.32458770614692656 0.2826666666666667 0.15892053973013492
0 0.5 0.3294602698650675 1.112 0.6019490254872564
0 0.5613333333333334 0.43103448275862066 0.08533333333333333 0.0239880059970015
0 0.666 0.3482008995502249 0.06 0.1431784107946027
0 0.3453333333333333 0.34895052473763116 0.06133333333333333 0.1431784107946027
0 0.7506666666666667 0.31334332833583206 0.06666666666666667 0.043478260869565216
0 0.22933333333333333 0.3129685157421289 0.09333333333333334 0.07571214392803598
0 0.5 0.47226386806596704 1.0 0.1634182908545727
0 0.5 0.3530734632683658 1.0 0.07496251874062969
0 0.07466666666666667 0.44227886056971516 0.018666666666666668 0.010494752623688156
0 0.07466666666666667 0.4733883058470765 0.0026666666666666666 0.05472263868065967
0 0.16466666666666666 0.35344827586206895 0.252 0.023238380809595203
0 0.5 0.15817091454272864 1.0 0.31634182908545727
0 0.49866666666666665 0.19490254872563717 0.424 0.05247376311844078
0 0.49933333333333335 0.25974512743628186 0.4493333333333333 0.020239880059970013
0 0.5 0.13380809595202398 0.2906666666666667 0.020239880059970013
0 0.052 0.06371814092953523 0.024 0.0239880059970015
0 0.116 0.06371814092953523 0.08 0.022488755622188907
0 0.5 0.06146926536731634 0.18933333333333333 0.025487256371814093
0 0.07466666666666667 0.5044977511244377 0.018666666666666668 0.010494752623688156
0 0.3406666666666667 0.44152923538230887 0.4146666666666667 0.019490254872563718
0 0.30333333333333334 0.5022488755622189 0.34 0.019490254872563718
0 0.5 0.7470014992503748 1.0 0.068215892053973
0 0.14266666666666666 0.7466266866566716 0.20266666666666666 0.01649175412293853
0 0.5 0.6787856071964018 1.0 0.068215892053973
0 0.5006666666666667 0.6795352323838081 0.16933333333333334 0.018740629685157422
0 0.8846666666666667 0.6784107946026986 0.14533333333333334 0.019490254872563718
0 0.5006666666666667 0.7477511244377811 0.16933333333333334 0.018740629685157422
0 0.8846666666666667 0.7466266866566716 0.14533333333333334 0.019490254872563718
0 0.14333333333333334 0.6784107946026986 0.204 0.01649175412293853
0 0.5 0.9928785607196402 1.0 0.01424287856071964
0 0.5 1.0138680659670165 0.13866666666666666 0.023238380809595203
0 0.5 0.8152173913043478 1.0 0.068215892053973
0 0.5006666666666667 0.8159670164917541 0.16933333333333334 0.018740629685157422
0 0.8846666666666667 0.8148425787106447 0.14533333333333334 0.019490254872563718
0 0.14333333333333334 0.8148425787106447 0.204 0.01649175412293853
0 0.5 0.8834332833583208 1.0 0.068215892053973
0 0.5006666666666667 0.8841829085457271 0.16933333333333334 0.018740629685157422
0 0.023333333333333334 0.015742128935532233 0.014666666666666666 0.008995502248875561
0 0.042 0.015742128935532233 0.014666666666666666 0.008995502248875561
0 0.06066666666666667 0.015742128935532233 0.014666666666666666 0.008995502248875561
0 0.07933333333333334 0.015742128935532233 0.014666666666666666 0.008995502248875561
0 0.07933333333333334 0.015742128935532233 0.014666666666666666 0.008995502248875561
0 0.098 0.015742128935532233 0.014666666666666666 0.008995502248875561
0 0.098 0.015742128935532233 0.014666666666666666 0.008995502248875561
0 0.156 0.01649175412293853 0.08 0.013493253373313344
1 0.228 0.01461769115442279 0.032 0.01424287856071964
2 0.228 0.01461769115442279 0.032 0.01424287856071964
2 0.228 0.01461769115442279 0.032 0.01424287856071964
0 0.49933333333333335 0.016116941529235384 0.11066666666666666 0.01424287856071964
0 0.9486666666666667 0.015742128935532233 0.06 0.014992503748125937
0 0.9486666666666667 0.015742128935532233 0.06 0.014992503748125937
0 0.9526666666666667 0.015742128935532233 0.06266666666666666 0.01199400299850075
0 0.9526666666666667 0.015742128935532233 0.06266666666666666 0.01199400299850075
0 0.8786666666666667 0.016116941529235384 0.06133333333333333 0.01424287856071964
1 0.82 0.015742128935532233 0.021333333333333333 0.020989505247376312
2 0.82 0.015742128935532233 0.021333333333333333 0.020989505247376312
2 0.82 0.015742128935532233 0.021333333333333333 0.020989505247376312
0 0.8846666666666667 0.8830584707646177 0.14533333333333334 0.019490254872563718
0 0.14333333333333334 0.8830584707646177 0.204 0.01649175412293853
0 0.5 0.9516491754122939 1.0 0.068215892053973
0 0.5006666666666667 0.9523988005997002 0.16933333333333334 0.018740629685157422
0 0.8846666666666667 0.9512743628185907 0.14533333333333334 0.019490254872563718
0 0.14333333333333334 0.9512743628185907 0.204 0.01649175412293853
0 0.5 0.6068215892053973 1.0 0.07571214392803598
0 0.69 0.6248125937031485 0.5346666666666666 0.05022488755622189
0 0.124 0.6068215892053973 0.168 0.023238380809595203
0 0.938 0.06184407796101949 0.04666666666666667 0.03073463268365817
0 0.938 0.05322338830584707 0.030666666666666665 0.0014992503748125937
0 0.9373333333333334 0.0595952023988006 0.029333333333333333 0.0022488755622188904
0 0.932 0.06446776611694154 0.018666666666666668 0.0014992503748125937