0 0.5 0.5 1.0 1.0
0 0.5 0.9598950524737632 1.0 0.08020989505247376
0 0.156 0.01649175412293853 0.08 0.013493253373313344
0 0.023333333333333334 0.015742128935532233 0.014666666666666666 0.008995502248875561
0 0.042 0.015742128935532233 0.014666666666666666 0.008995502248875561
0 0.06066666666666667 0.015742128935532233 0.014666666666666666 0.008995502248875561
0 0.07933333333333334 0.015742128935532233 0.014666666666666666 0.008995502248875561
0 0.07933333333333334 0.015742128935532233 0.014666666666666666 0.008995502248875561
0 0.098 0.015742128935532233 0.014666666666666666 0.008995502248875561
0 0.098 0.015742128935532233 0.014666666666666666 0.008995502248875561
1 0.228 0.01461769115442279 0.032 0.01424287856071964
2 0.228 0.01461769115442279 0.032 0.01424287856071964
2 0.228 0.01461769115442279 0.032 0.01424287856071964
0 0.49933333333333335 0.016116941529235384 0.11066666666666666 0.01424287856071964
0 0.9486666666666667 0.015742128935532233 0.06 0.014992503748125937
0 0.9486666666666667 0.015742128935532233 0.06 0.014992503748125937
0 0.9526666666666667 0.015742128935532233 0.06266666666666666 0.01199400299850075
0 0.9526666666666667 0.015742128935532233 0.06266666666666666 0.01199400299850075
0 0.8786666666666667 0.016116941529235384 0.06133333333333333 0.01424287856071964
1 0.82 0.015742128935532233 0.021333333333333333 0.020989505247376312
2 0.82 0.015742128935532233 0.021333333333333333 0.020989505247376312
2 0.82 0.015742128935532233 0.021333333333333333 0.020989505247376312
0 0.9366666666666666 0.06184407796101949 0.04666666666666667 0.03073463268365817
0 0.9366666666666666 0.05322338830584707 0.030666666666666665 0.0014992503748125937
0 0.936 0.0595952023988006 0.029333333333333333 0.0022488755622188904
0 0.9306666666666666 0.06446776611694154 0.018666666666666668 0.0014992503748125937
0 0.052 0.06371814092953523 0.024 0.0239880059970015
0 0.116 0.06371814092953523 0.08 0.022488755622188907
0 0.5006666666666667 0.06146926536731634 0.188 0.025487256371814093
0 0.49933333333333335 0.6019490254872564 0.9613333333333334 0.280359820089955
0 0.29533333333333334 0.6952773613193404 0.2813333333333333 0.018740629685157422
0 0.778 0.6945277361319341 0.2786666666666667 0.018740629685157422
0 0.21666666666666667 0.6502998500749625 0.124 0.023238380809595203
1 0.10266666666666667 0.6502998500749625 0.058666666666666666 0.02623688155922039
2 0.10266666666666667 0.6502998500749625 0.058666666666666666 0.02623688155922039
2 0.10266666666666667 0.6502998500749625 0.058666666666666666 0.02623688155922039
2 0.10266666666666667 0.6502998500749625 0.058666666666666666 0.02623688155922039
0 0.29533333333333334 0.5618440779610195 0.2813333333333333 0.018740629685157422
0 0.7786666666666666 0.5610944527736131 0.2853333333333333 0.018740629685157422
0 0.21666666666666667 0.5168665667166417 0.124 0.023238380809595203
1 0.1 0.5164917541229386 0.05333333333333334 0.029985007496251874
2 0.1 0.5164917541229386 0.05333333333333334 0.029985007496251874
0 0.5 0.6023238380809596 0.96 0.0007496251874062968
1 0.076 0.9538980509745127 0.050666666666666665 0.02923538230884558
2 0.076 0.9538980509745127 0.050666666666666665 0.02923538230884558
2 0.076 0.9538980509745127 0.050666666666666665 0.02923538230884558
0 0.074 0.9786356821589205 0.07866666666666666 0.01424287856071964
0 0.5 0.7931034482758621 1.0 0.4992503748125937
0 0.7173333333333334 -0.26574212893553223 0.33866666666666667 0.03223388305847077
0 0.3433333333333333 0.967016491754123 0.36666666666666664 0.037481259370314844
1 0.20466666666666666 0.9688905547226386 0.030666666666666665 0.023238380809595203
2 0.20466666666666666 0.9688905547226386 0.030666666666666665 0.023238380809595203
2 0.20466666666666666 0.9688905547226386 0.030666666666666665 0.023238380809595203
0 0.36666666666666664 0.9677661169415293 0.264 0.014992503748125937
0 0.754 0.9557721139430285 0.36666666666666664 0.037481259370314844
0 0.6166666666666667 0.9576461769115442 0.03333333333333333 0.023238380809595203
0 0.6166666666666667 0.9576461769115442 0.03333333333333333 0.023238380809595203
0 0.6166666666666667 0.9576461769115442 0.03333333333333333 0.023238380809595203
0 0.738 0.9557721139430285 0.18533333333333332 0.014992503748125937
0 0.2966666666666667 0.21101949025487257 0.37733333333333335 0.0472263868065967
0 0.19533333333333333 0.16304347826086957 0.18 0.017241379310344827
0 0.5533333333333333 0.3238380809595202 0.23733333333333334 0.031484257871064465
0 0.36533333333333334 0.4085457271364318 0.018666666666666668 0.020989505247376312
0 0.24666666666666667 0.3219640179910045 0.2853333333333333 0.017241379310344827
0 0.222 0.40742128935532235 0.236 0.017241379310344827
0 0.858 0.32346326836581707 0.15866666666666668 0.04122938530734633
0 0.8573333333333333 0.3238380809595202 0.072 0.019490254872563718
0 0.45266666666666666 0.8497001499250375 0.284 0.0937031484257871
1 0.4533333333333333 0.823088455772114 0.048 0.025487256371814093
2 0.4533333333333333 0.823088455772114 0.048 0.025487256371814093
0 0.452 0.8669415292353823 0.232 0.03823088455772114
0 0.5046666666666667 0.2766116941529235 0.8866666666666667 0.0014992503748125937
0 0.5 0.7436281859070465 0.10666666666666667 0.05997001499250375
0 0.5 0.7428785607196402 0.042666666666666665 0.0014992503748125937
0 0.5 0.7428785607196402 0.0026666666666666666 0.020989505247376312