0 0.5 0.5 1.0 1.0
0 0.7306666666666667 0.30322338830584705 0.3893333333333333 0.24062968515742128
0 0.7306666666666667 0.30322338830584705 0.3893333333333333 0.24062968515742128
0 0.24 0.1802848575712144 0.312 0.04272863568215892
0 0.33266666666666667 0.239880059970015 0.5026666666666667 0.0239880059970015
0 0.052 0.06371814092953523 0.024 0.0239880059970015
0 0.116 0.06371814092953523 0.08 0.022488755622188907
0 0.5 0.7136431784107946 0.9466666666666667 0.5157421289355323
0 0.796 0.618815592203898 0.09866666666666667 0.05472263868065967
0 0.772 0.6191904047976012 0.013333333333333334 0.008995502248875561
0 0.7873333333333333 0.6191904047976012 0.012 0.008995502248875561
0 0.7793333333333333 0.6225637181409296 0.036 0.0037481259370314842
0 0.7793333333333333 0.6300599700149925 0.036 0.0037481259370314842
0 0.7793333333333333 0.631559220389805 0.006666666666666667 0.018740629685157422
0 0.81 0.6420539730134932 0.017333333333333333 0.0037481259370314842
0 0.8153333333333334 0.6458020989505248 0.006666666666666667 0.009745127436281859
0 0.7733333333333333 0.6379310344827587 0.09066666666666667 0.03298350824587706
0 0.7453333333333333 0.6105697151424287 0.016 0.0037481259370314842
0 0.7393333333333333 0.6068215892053973 0.006666666666666667 0.009745127436281859
0 0.784 0.6146926536731634 0.09066666666666667 0.03298350824587706
0 0.023333333333333334 0.015742128935532233 0.014666666666666666 0.008995502248875561
0 0.042 0.015742128935532233 0.014666666666666666 0.008995502248875561
0 0.06066666666666667 0.015742128935532233 0.014666666666666666 0.008995502248875561
0 0.07933333333333334 0.015742128935532233 0.014666666666666666 0.008995502248875561
0 0.07933333333333334 0.015742128935532233 0.014666666666666666 0.008995502248875561
0 0.098 0.015742128935532233 0.014666666666666666 0.008995502248875561
0 0.098 0.015742128935532233 0.014666666666666666 0.008995502248875561
0 0.156 0.01649175412293853 0.08 0.013493253373313344
1 0.228 0.01461769115442279 0.032 0.01424287856071964
2 0.228 0.01461769115442279 0.032 0.01424287856071964
2 0.228 0.01461769115442279 0.032 0.01424287856071964
0 0.49933333333333335 0.016116941529235384 0.11066666666666666 0.01424287856071964
0 0.9486666666666667 0.015742128935532233 0.06 0.014992503748125937
0 0.9486666666666667 0.015742128935532233 0.06 0.014992503748125937
0 0.9526666666666667 0.015742128935532233 0.06266666666666666 0.01199400299850075
0 0.9526666666666667 0.015742128935532233 0.06266666666666666 0.01199400299850075
0 0.8786666666666667 0.016116941529235384 0.06133333333333333 0.01424287856071964
1 0.82 0.015742128935532233 0.021333333333333333 0.020989505247376312
2 0.82 0.015742128935532233 0.021333333333333333 0.020989505247376312
2 0.82 0.015742128935532233 0.021333333333333333 0.020989505247376312
0 0.214 0.699400299850075 0.12666666666666668 0.041979010494752625
0 0.49933333333333335 0.699400299850075 0.12666666666666668 0.041979010494752625
0 0.7866666666666666 0.699400299850075 0.12533333333333332 0.041979010494752625
0 0.5106666666666667 0.6206896551724138 0.10133333333333333 0.05697151424287856
0 0.4746666666666667 0.6210644677661169 0.010666666666666666 0.005247376311844078
0 0.4706666666666667 0.6071964017991005 0.04 0.014992503748125937
0 0.47333333333333333 0.6506746626686657 0.021333333333333333 0.008995502248875561
0 0.49933333333333335 0.6502998500749625 0.044 0.009745127436281859
0 0.446 0.6285607196401799 0.017333333333333333 0.017241379310344827
0 0.45866666666666667 0.6413043478260869 0.021333333333333333 0.015742128935532233
0 0.5113333333333333 0.626311844077961 0.05466666666666667 0.04572713643178411
0 0.46066666666666667 0.6154422788605697 0.025333333333333333 0.01649175412293853
0 0.544 0.6274362818590704 0.005333333333333333 0.0074962518740629685
0 0.5106666666666667 0.6191904047976012 0.032 0.017991004497751123
0 0.22866666666666666 0.6221889055472264 0.09466666666666666 0.05247376311844078
0 0.196 0.631559220389805 0.072 0.04122938530734633
0 0.20666666666666667 0.6244377811094453 0.072 0.044977511244377814
0 0.20866666666666667 0.611319340329835 0.036 0.03523238380809595
0 0.214 0.6214392803598201 0.025333333333333333 0.0239880059970015
0 0.5 0.5206146926536732 0.5573333333333333 0.021739130434782608
0 0.214 0.8665667166416792 0.24133333333333334 0.13493253373313344
0 0.21333333333333335 0.8924287856071964 0.10133333333333333 0.018740629685157422
0 0.21266666666666667 0.845952023988006 0.06 0.03373313343328336
0 0.21333333333333335 0.8549475262368815 0.024 0.015742128935532233
0 0.5006666666666667 0.8665667166416792 0.24133333333333334 0.13493253373313344
0 0.5 0.8924287856071964 0.10133333333333333 0.018740629685157422
0 0.4786666666666667 0.8583208395802099 0.018666666666666668 0.005997001499250375
0 0.5213333333333333 0.8583208395802099 0.018666666666666668 0.005997001499250375
0 0.5 0.8497001499250375 0.06666666666666667 0.012743628185907047
0 0.5 0.8388305847076462 0.05333333333333334 0.014992503748125937
0 0.474 0.8399550224887556 0.009333333333333334 0.0037481259370314842
0 0.526 0.8399550224887556 0.009333333333333334 0.0037481259370314842
0 0.7866666666666666 0.8665667166416792 0.24266666666666667 0.13493253373313344
0 0.7853333333333333 0.8924287856071964 0.13866666666666666 0.018740629685157422
0 0.786 0.8444527736131934 0.06533333333333333 0.02923538230884558
0 0.7866666666666666 0.8392053973013494 0.064 0.0022488755622188904
0 0.7993333333333333 0.8515742128935532 0.014666666666666666 0.0029985007496251873