0 0.5 0.12234042553191489 1.0 0.24468085106382978
0 0.8246666666666667 0.15456821026282855 0.35333333333333333 0.13391739674593242
0 0.868 0.16176470588235295 0.5146666666666667 0.18085106382978725
0 0.6866666666666666 0.14455569461827283 0.07733333333333334 0.015018773466833541
0 0.8233333333333334 0.13642052565707133 0.35333333333333333 0.07884856070087609
0 0.99 0.155819774718398 0.02 0.017521902377972465
0 0.9233333333333333 0.1702127659574468 0.07866666666666666 0.03629536921151439
0 0.922 0.1702127659574468 0.03333333333333333 0.015018773466833541
0 0.7313333333333333 0.1702127659574468 0.07866666666666666 0.03629536921151439
0 0.7313333333333333 0.1702127659574468 0.03333333333333333 0.015018773466833541
0 0.6566666666666666 0.15331664580725907 0.02 0.016270337922403004
0 0.86 0.1204630788485607 0.184 0.031914893617021274
0 0.86 0.1204630788485607 0.184 0.031914893617021274
0 0.156 0.31821026282853565 0.14666666666666667 0.016896120150187734
0 0.5013333333333333 0.37922403003754696 0.8426666666666667 0.0012515644555694619
0 0.16666666666666666 0.3579474342928661 0.15733333333333333 0.016270337922403004
0 0.172 0.434918648310388 0.184 0.016270337922403004
0 0.4533333333333333 0.434918648310388 0.184 0.016270337922403004
1 0.31333333333333335 0.434918648310388 0.042666666666666665 0.02002503128911139
2 0.31333333333333335 0.434918648310388 0.042666666666666665 0.02002503128911139
2 0.31333333333333335 0.434918648310388 0.042666666666666665 0.02002503128911139
2 0.31333333333333335 0.434918648310388 0.042666666666666665 0.02002503128911139
0 0.5 0.4956195244055069 0.8426666666666667 0.0012515644555694619
0 0.374 0.4740300375469337 0.452 0.02065081351689612
1 0.10266666666666667 0.47309136420525655 0.04533333333333334 0.01877346683354193
2 0.10266666666666667 0.47309136420525655 0.04533333333333334 0.01877346683354193
2 0.10266666666666667 0.47309136420525655 0.04533333333333334 0.01877346683354193
2 0.10266666666666667 0.47309136420525655 0.04533333333333334 0.01877346683354193
2 0.10266666666666667 0.47309136420525655 0.04533333333333334 0.01877346683354193
0 0.31866666666666665 0.14924906132665833 0.472 0.03566958698372966
0 0.27066666666666667 0.19086357947434293 0.13066666666666665 0.023779724655819776
0 0.31466666666666665 0.19055068836045055 0.4666666666666667 0.01939924906132666
0 0.5 0.05225281602002503 0.13066666666666665 0.02065081351689612
0 0.052 0.05319148936170213 0.024 0.02002503128911139
0 0.116 0.05319148936170213 0.08 0.01877346683354193
0 0.5026666666666667 0.8103879849812266 0.848 0.3041301627033792
0 0.5026666666666667 0.7190237797246558 0.848 0.0012515644555694619
0 0.21733333333333332 0.6877346683354193 0.184 0.016270337922403004
0 0.8426666666666667 0.688360450563204 0.096 0.02753441802252816
0 0.8613333333333333 0.6946182728410513 0.104 0.04881101376720901
0 0.236 0.7747183979974969 0.22133333333333333 0.016270337922403004
0 0.5026666666666667 0.8354192740926157 0.848 0.0012515644555694619
0 0.2753333333333333 0.814142678347935 0.29733333333333334 0.016270337922403004
0 0.8546666666666667 0.8135168961201502 0.048 0.02252816020025031
0 0.8546666666666667 0.8135168961201502 0.048 0.02252816020025031
0 0.8546666666666667 0.8135168961201502 0.048 0.02252816020025031
0 0.8546666666666667 0.8135168961201502 0.048 0.02252816020025031
0 0.8546666666666667 0.8135168961201502 0.048 0.02252816020025031
0 0.8546666666666667 0.8135168961201502 0.048 0.02252816020025031
0 0.19866666666666666 0.8911138923654568 0.14666666666666667 0.016270337922403004
0 0.19733333333333333 0.9355444305381727 0.144 0.03128911138923655
0 0.19733333333333333 0.9352315394242804 0.088 0.02065081351689612
0 0.35733333333333334 0.9355444305381727 0.144 0.03128911138923655
0 0.35733333333333334 0.9355444305381727 0.088 0.02002503128911139
0 0.5226666666666666 0.9355444305381727 0.144 0.03128911138923655
0 0.6426666666666667 0.9333541927409261 0.024 0.014392991239048811
0 0.6426666666666667 0.9333541927409261 0.024 0.014392991239048811
0 0.6426666666666667 0.9333541927409261 0.024 0.014392991239048811
0 0.5226666666666666 0.9355444305381727 0.088 0.02002503128911139
0 0.5046666666666667 0.9618272841051314 0.8466666666666667 0.0012515644555694619
0 0.5 0.968397997496871 1.0 0.06320400500625782
0 0.5 0.9687108886107635 0.13333333333333333 0.02002503128911139
0 0.13466666666666666 0.5513141426783479 0.10933333333333334 0.016270337922403004
0 0.5 0.6120150187734669 0.8426666666666667 0.0012515644555694619
0 0.21533333333333332 0.590738423028786 0.132 0.02002503128911139
1 0.10333333333333333 0.5901126408010012 0.04666666666666667 0.02002503128911139
0 0.023333333333333334 0.013141426783479349 0.014666666666666666 0.007509386733416771
0 0.042 0.013141426783479349 0.014666666666666666 0.007509386733416771
0 0.06066666666666667 0.013141426783479349 0.014666666666666666 0.007509386733416771
0 0.07933333333333334 0.013141426783479349 0.014666666666666666 0.007509386733416771
0 0.07933333333333334 0.013141426783479349 0.014666666666666666 0.007509386733416771
0 0.098 0.013141426783479349 0.014666666666666666 0.007509386733416771
0 0.098 0.013141426783479349 0.014666666666666666 0.007509386733416771
0 0.156 0.01376720901126408 0.08 0.011264080100125156
1 0.228 0.012202753441802253 0.032 0.011889862327909888
2 0.228 0.012202753441802253 0.032 0.011889862327909888
2 0.228 0.012202753441802253 0.032 0.011889862327909888
0 0.49933333333333335 0.013454317897371715 0.11066666666666666 0.011889862327909888
0 0.9486666666666667 0.013141426783479349 0.06 0.012515644555694618
0 0.9486666666666667 0.013141426783479349 0.06 0.012515644555694618
0 0.9526666666666667 0.013141426783479349 0.06266666666666666 0.010012515644555695
0 0.9526666666666667 0.013141426783479349 0.06266666666666666 0.010012515644555695
0 0.8786666666666667 0.013454317897371715 0.06133333333333333 0.011889862327909888
1 0.82 0.013141426783479349 0.021333333333333333 0.017521902377972465
2 0.82 0.013141426783479349 0.021333333333333333 0.017521902377972465
2 0.82 0.013141426783479349 0.021333333333333333 0.017521902377972465