0 0.5 0.5 1.0 1.0
0 0.05466666666666667 0.0812807881773399 0.056 0.014778325123152709
0 0.5 0.6366995073891626 1.0 0.7266009852216748
0 0.5 0.5437192118226601 1.0 0.1416256157635468
0 0.49866666666666665 0.5461822660098522 0.88 0.09482758620689655
0 0.5 0.3811576354679803 0.3546666666666667 0.05295566502463054
0 0.5 0.6607142857142857 1.0 0.09236453201970443
0 0.208 0.6613300492610837 0.096 0.014778325123152709
0 0.7906666666666666 0.6600985221674877 0.12 0.014778325123152709
0 0.5 0.6600985221674877 0.216 0.014778325123152709
0 0.20933333333333334 0.6613300492610837 0.344 0.07389162561576355
0 0.208 0.6613300492610837 0.096 0.014778325123152709
0 0.7906666666666666 0.6594827586206896 0.264 0.020935960591133004
0 0.5 0.6594827586206896 0.264 0.020935960591133004
0 0.5 0.8084975369458128 1.0 0.20320197044334976
0 0.592 0.7352216748768473 0.64 0.009852216748768473
0 0.3893333333333333 0.7352216748768473 0.23466666666666666 0.009852216748768473
0 0.592 0.7647783251231527 0.64 0.009852216748768473
0 0.316 0.7647783251231527 0.088 0.009852216748768473
0 0.592 0.7943349753694581 0.64 0.009852216748768473
0 0.4026666666666667 0.7943349753694581 0.2613333333333333 0.009852216748768473
0 0.592 0.8238916256157636 0.64 0.009852216748768473
0 0.5093333333333333 0.8238916256157636 0.4746666666666667 0.009852216748768473
0 0.592 0.8522167487684729 0.64 0.009852216748768473
0 0.3506666666666667 0.8522167487684729 0.15733333333333333 0.009852216748768473
0 0.592 0.8817733990147784 0.64 0.009852216748768473
0 0.436 0.8817733990147784 0.328 0.009852216748768473
0 0.22 0.7352216748768473 0.06133333333333333 0.014778325123152709
0 0.22 0.7647783251231527 0.06133333333333333 0.014778325123152709
0 0.22 0.7931034482758621 0.06133333333333333 0.014778325123152709
0 0.22 0.8226600985221675 0.06133333333333333 0.014778325123152709
0 0.22 0.8522167487684729 0.06133333333333333 0.014778325123152709
0 0.22 0.8817733990147784 0.06133333333333333 0.014778325123152709
0 0.10933333333333334 0.7333743842364532 0.042666666666666665 0.011083743842364532
0 0.11866666666666667 0.7629310344827587 0.06133333333333333 0.011083743842364532
0 0.11866666666666667 0.7924876847290641 0.06133333333333333 0.011083743842364532
0 0.128 0.8220443349753694 0.08 0.013546798029556651
0 0.128 0.8516009852216748 0.08 0.013546798029556651
0 0.11866666666666667 0.8811576354679803 0.06133333333333333 0.013546798029556651
0 0.5 0.4421182266009852 1.0 0.06157635467980296
0 0.5013333333333333 0.4421182266009852 0.3466666666666667 0.06157635467980296
0 0.5 0.21305418719211822 0.44 0.20935960591133004
0 0.5 0.07881773399014778 0.5466666666666666 0.029556650246305417
0 0.5 0.027093596059113302 1.0 0.054187192118226604
1 0.9253333333333333 0.02832512315270936 0.058666666666666666 0.014778325123152709
2 0.96 0.02832512315270936 0.005333333333333333 0.0049261083743842365
2 0.9253333333333333 0.02832512315270936 0.048 0.009852216748768473
1 0.8613333333333333 0.02832512315270936 0.042666666666666665 0.014778325123152709
2 0.8613333333333333 0.02832512315270936 0.042666666666666665 0.014778325123152709
2 0.8613333333333333 0.02832512315270936 0.042666666666666665 0.014778325123152709
1 0.8053333333333333 0.02832512315270936 0.048 0.014778325123152709
2 0.8053333333333333 0.02832512315270936 0.048 0.014778325123152709
2 0.8053333333333333 0.02832512315270936 0.048 0.014778325123152709
2 0.8053333333333333 0.02832512315270936 0.048 0.014778325123152709
0 0.12666666666666668 0.03078817733990148 0.06666666666666667 0.014778325123152709
0 0.5 0.979064039408867 1.0 0.04187192118226601
0 0.5 0.979064039408867 1.0 0.04187192118226601
0 0.5 0.5 1.0 1.0