0 1.923152709359606 0.17995910020449898 0.6403940886699507 0.28629856850715746
0 0.3793103448275862 0.17995910020449898 0.6403940886699507 0.28629856850715746
0 1.1448275862068966 -0.25971370143149286 0.6403940886699507 0.28629856850715746
0 1.194088669950739 2.411042944785276 0.011822660098522168 0.024539877300613498
0 1.2482758620689656 2.411042944785276 0.011822660098522168 0.024539877300613498
0 1.2206896551724138 2.411042944785276 0.011822660098522168 0.024539877300613498
0 1.2748768472906404 2.411042944785276 0.011822660098522168 0.024539877300613498
0 0.28374384236453204 0.12065439672801637 0.42561576354679803 0.06952965235173825
0 0.767487684729064 0.40899795501022496 0.3665024630541872 0.06952965235173825
0 0.4492610837438424 0.7689161554192229 0.17339901477832512 0.06952965235173825
0 0.19458128078817735 0.7689161554192229 0.21182266009852216 0.06952965235173825
0 0.4482758620689655 0.41922290388548056 0.07881773399014778 0.16359918200409
0 0.4487684729064039 0.4212678936605317 0.05024630541871921 0.065439672801636
0 0.4487684729064039 0.4212678936605317 0.05024630541871921 0.065439672801636
0 0.46108374384236456 0.40899795501022496 0.003940886699507389 0.0081799591002045
0 0.46108374384236456 0.4212678936605317 0.003940886699507389 0.0081799591002045
0 0.46108374384236456 0.4325153374233129 0.003940886699507389 0.010224948875255624
0 0.4433497536945813 0.4212678936605317 0.017733990147783252 0.0408997955010225
0 0.4482758620689655 0.41922290388548056 0.07881773399014778 0.16359918200409
0 0.15862068965517243 0.41922290388548056 0.07881773399014778 0.16359918200409
0 0.15911330049261083 0.4212678936605317 0.05024630541871921 0.065439672801636
0 0.15911330049261083 0.4212678936605317 0.05024630541871921 0.065439672801636
0 0.17142857142857143 0.40899795501022496 0.003940886699507389 0.0081799591002045
0 0.17142857142857143 0.4212678936605317 0.003940886699507389 0.0081799591002045
0 0.17142857142857143 0.4325153374233129 0.003940886699507389 0.010224948875255624
0 0.15369458128078817 0.4212678936605317 0.017733990147783252 0.0408997955010225
0 0.15862068965517243 0.41922290388548056 0.07881773399014778 0.16359918200409
0 0.03103448275862069 0.12065439672801637 0.016748768472906402 0.10224948875255624
0 0.44729064039408867 0.5950920245398773 0.0019704433497536944 0.24948875255623723
0 0.15172413793103448 0.5950920245398773 0.0019704433497536944 0.24948875255623723