0 1.085047248471373 0.18752783964365255 0.3613118399110617 0.062360801781737196
0 0.2140077821011673 0.18752783964365255 0.3613118399110617 0.062360801781737196
0 0.6459143968871596 0.09175946547884187 0.3613118399110617 0.062360801781737196
0 0.6737076153418566 0.6734966592427617 0.006670372429127293 0.005345211581291759
0 0.7042801556420234 0.6734966592427617 0.006670372429127293 0.005345211581291759
0 0.688715953307393 0.6734966592427617 0.006670372429127293 0.005345211581291759
0 0.7192884936075598 0.6734966592427617 0.006670372429127293 0.005345211581291759
0 0.30183435241801 0.3821826280623608 0.4802668148971651 0.016035634743875277
0 0.4127292940522512 0.14075723830734965 0.030572540300166758 0.012472160356347439
0 0.2151195108393552 0.08730512249443208 0.03446359088382435 0.012472160356347439
0 0.027793218454697052 0.13919821826280623 0.022234574763757644 0.012026726057906459
0 0.21567537520844915 0.14209354120267262 0.3079488604780434 0.058797327394209356
0 0.21567537520844915 0.14097995545657016 0.3079488604780434 0.060133630289532294
0 0.38048916064480265 0.14075723830734965 0.006114508060033352 0.05968819599109131
0 0.21595330739299612 0.10579064587973273 0.30739299610894943 0.005790645879732739
0 0.15869927737632017 0.04187082405345212 0.13952195664257921 0.015144766146993319
0 0.17787659811006115 0.32293986636971045 0.17787659811006115 0.015144766146993319
0 0.18927181767648693 0.5759465478841871 0.19955530850472486 0.015144766146993319
0 0.10672595886603668 0.4574610244988864 0.07893274041133963 0.015144766146993319
0 0.3310172317954419 0.4574610244988864 0.03835464146748194 0.015144766146993319
0 0.4027237354085603 0.4574610244988864 0.03724291272929405 0.015144766146993319
0 0.5436353529738743 0.4574610244988864 0.15897720956086714 0.015144766146993319
0 0.2537520844913841 0.4574610244988864 0.03835464146748194 0.015144766146993319
0 0.06753752084491384 0.04187082405345212 0.009449694274596998 0.022271714922048998
0 0.06753752084491384 0.32293986636971045 0.009449694274596998 0.022271714922048998
0 0.06753752084491384 0.5759465478841871 0.009449694274596998 0.022271714922048998
0 0.2918287937743191 0.188641425389755 0.3790994997220678 0.054788418708240534
0 0.5953307392996109 0.21202672605790646 0.1989994441356309 0.015144766146993319
0 0.10505836575875487 0.4158129175946548 0.0011117287381878821 0.04142538975501114
0 0.33073929961089493 0.4158129175946548 0.0011117287381878821 0.04142538975501114
0 0.40244580322401335 0.4158129175946548 0.0011117287381878821 0.04142538975501114
0 0.48971650917176207 0.4158129175946548 0.0011117287381878821 0.04142538975501114
0 0.2534741523068371 0.4158129175946548 0.0011117287381878821 0.04142538975501114
0 0.10339077265147303 0.13496659242761694 0.05669816564758199 0.04543429844097996
0 0.10311284046692606 0.13452115812917595 0.030572540300166758 0.012472160356347439
0 0.06837131739855476 0.13897550111358575 0.013340744858254585 0.008908685968819599
0 0.04752640355753196 0.13942093541202671 0.016120066703724293 0.0008908685968819599