0 0.5 0.02689075630252101 1.0 0.05378151260504202
0 0.5 0.05357142857142857 1.0 0.0004201680672268908
0 0.5 0.03529411764705882 0.26666666666666666 0.014285714285714285
0 0.122 0.03529411764705882 0.08133333333333333 0.012605042016806723
0 0.024 0.008613445378151261 0.016 0.0054621848739495795
0 0.042666666666666665 0.008613445378151261 0.016 0.0054621848739495795
0 0.06133333333333333 0.008613445378151261 0.016 0.0054621848739495795
0 0.08 0.008613445378151261 0.016 0.0054621848739495795
0 0.08 0.008613445378151261 0.016 0.0054621848739495795
0 0.09866666666666667 0.008613445378151261 0.016 0.0054621848739495795
0 0.09866666666666667 0.008613445378151261 0.016 0.0054621848739495795
1 0.13466666666666666 0.008613445378151261 0.032 0.007983193277310924
2 0.13466666666666666 0.008613445378151261 0.032 0.007983193277310924
2 0.13466666666666666 0.008613445378151261 0.032 0.007983193277310924
0 0.5006666666666667 0.008823529411764706 0.108 0.007563025210084034
0 0.952 0.008613445378151261 0.06133333333333333 0.008823529411764706
0 0.952 0.008613445378151261 0.06133333333333333 0.008823529411764706
0 0.956 0.008613445378151261 0.064 0.007142857142857143
0 0.956 0.008613445378151261 0.064 0.007142857142857143
0 0.8793333333333333 0.008823529411764706 0.05733333333333333 0.007563025210084034
1 0.8226666666666667 0.008823529411764706 0.021333333333333333 0.011764705882352941
2 0.8226666666666667 0.008823529411764706 0.021333333333333333 0.011764705882352941
2 0.8226666666666667 0.008823529411764706 0.021333333333333333 0.011764705882352941
1 0.058666666666666666 0.03529411764705882 0.032 0.014285714285714285
2 0.058666666666666666 0.03529411764705882 0.032 0.014285714285714285
2 0.058666666666666666 0.03529411764705882 0.032 0.014285714285714285
2 0.058666666666666666 0.03529411764705882 0.032 0.014285714285714285
2 0.058666666666666666 0.03529411764705882 0.032 0.014285714285714285
0 0.318 0.1722689075630252 0.13733333333333334 0.0067226890756302525
0 0.326 0.1834033613445378 0.06 0.007142857142857143
0 0.5 0.07878151260504201 1.0 0.0365546218487395
0 0.5 0.09684873949579832 1.0 0.0004201680672268908
0 0.12533333333333332 0.07836134453781513 0.168 0.013025210084033614
0 0.5 0.18949579831932772 1.0 0.18487394957983194
0 0.5 0.09726890756302521 1.0 0.0004201680672268908
0 0.10666666666666667 0.19600840336134454 0.0026666666666666666 0.1222689075630252
0 0.536 0.22563025210084034 0.856 0.0008403361344537816
0 0.536 0.19558823529411765 0.856 0.0004201680672268908
0 0.536 0.16554621848739495 0.856 0.0008403361344537816
0 0.536 0.13550420168067226 0.856 0.0004201680672268908
0 0.538 0.25588235294117645 0.8626666666666667 0.0008403361344537816
0 0.084 0.2529411764705882 0.013333333333333334 0.0067226890756302525
0 0.06533333333333333 0.22478991596638656 0.05333333333333334 0.008403361344537815
0 0.062 0.19621848739495798 0.05733333333333333 0.008403361344537815
0 0.06133333333333333 0.16806722689075632 0.058666666666666666 0.008403361344537815
0 0.062 0.13949579831932774 0.05733333333333333 0.008403361344537815
0 0.27066666666666667 0.20378151260504201 0.048 0.10420168067226891
0 0.2713333333333333 0.26554621848739496 0.10533333333333333 0.008403361344537815
0 0.2713333333333333 0.2569327731092437 0.0013333333333333333 0.0021008403361344537
0 0.5453333333333333 0.2134453781512605 0.048 0.08487394957983194
0 0.546 0.2653361344537815 0.12933333333333333 0.007983193277310924
0 0.546 0.2569327731092437 0.0013333333333333333 0.0021008403361344537
0 0.8093333333333333 0.2134453781512605 0.048 0.08487394957983194
0 0.8093333333333333 0.2653361344537815 0.13066666666666665 0.007983193277310924
0 0.81 0.2569327731092437 0.0013333333333333333 0.0021008403361344537
0 0.5006666666666667 0.11659663865546219 0.4013333333333333 0.009663865546218488
0 0.5 0.3073529411764706 1.0 0.0365546218487395
0 0.5 0.3254201680672269 1.0 0.0004201680672268908
0 0.12533333333333332 0.3069327731092437 0.168 0.013025210084033614
0 0.5 0.4180672268907563 1.0 0.18487394957983194
0 0.5 0.3258403361344538 1.0 0.0004201680672268908
0 0.10666666666666667 0.4245798319327731 0.0026666666666666666 0.1222689075630252
0 0.536 0.4542016806722689 0.856 0.0008403361344537816
0 0.536 0.4241596638655462 0.856 0.0004201680672268908
0 0.536 0.3941176470588235 0.856 0.0008403361344537816
0 0.536 0.3640756302521008 0.856 0.0004201680672268908
0 0.538 0.48445378151260504 0.8626666666666667 0.0008403361344537816
0 0.084 0.4815126050420168 0.013333333333333334 0.0067226890756302525
0 0.06533333333333333 0.4533613445378151 0.05333333333333334 0.008403361344537815
0 0.062 0.42478991596638654 0.05733333333333333 0.008403361344537815
0 0.06133333333333333 0.39663865546218485 0.058666666666666666 0.008403361344537815
0 0.062 0.3680672268907563 0.05733333333333333 0.008403361344537815
0 0.27066666666666667 0.4323529411764706 0.048 0.10420168067226891
0 0.2713333333333333 0.49411764705882355 0.10533333333333333 0.008403361344537815
0 0.2713333333333333 0.48550420168067226 0.0013333333333333333 0.0021008403361344537
0 0.5453333333333333 0.44201680672268906 0.048 0.08487394957983194
0 0.546 0.4939075630252101 0.12933333333333333 0.007983193277310924
0 0.546 0.48550420168067226 0.0013333333333333333 0.0021008403361344537
0 0.8093333333333333 0.44201680672268906 0.048 0.08487394957983194
0 0.8093333333333333 0.4939075630252101 0.13066666666666665 0.007983193277310924
0 0.81 0.48550420168067226 0.0013333333333333333 0.0021008403361344537
0 0.5006666666666667 0.34516806722689075 0.30533333333333335 0.009663865546218488
0 0.5 0.5359243697478991 1.0 0.0365546218487395
0 0.5 0.5539915966386555 1.0 0.0004201680672268908
0 0.126 0.5355042016806723 0.16666666666666666 0.013025210084033614
0 0.5 0.6466386554621849 1.0 0.18487394957983194
0 0.5 0.5544117647058824 1.0 0.0004201680672268908
0 0.10666666666666667 0.6531512605042017 0.0026666666666666666 0.1222689075630252
0 0.536 0.6827731092436975 0.856 0.0008403361344537816
0 0.536 0.6527310924369748 0.856 0.0004201680672268908
0 0.536 0.6226890756302521 0.856 0.0008403361344537816
0 0.536 0.5926470588235294 0.856 0.0004201680672268908
0 0.538 0.7130252100840336 0.8626666666666667 0.0008403361344537816
0 0.084 0.7100840336134454 0.013333333333333334 0.0067226890756302525
0 0.06533333333333333 0.6819327731092437 0.05333333333333334 0.008403361344537815
0 0.062 0.6533613445378151 0.05733333333333333 0.008403361344537815
0 0.06133333333333333 0.6252100840336134 0.058666666666666666 0.008403361344537815
0 0.062 0.5966386554621849 0.05733333333333333 0.008403361344537815
0 0.27066666666666667 0.6609243697478991 0.048 0.10420168067226891
0 0.2713333333333333 0.7226890756302521 0.10533333333333333 0.008403361344537815
0 0.2713333333333333 0.7140756302521009 0.0013333333333333333 0.0021008403361344537
0 0.5453333333333333 0.6705882352941176 0.048 0.08487394957983194
0 0.546 0.7224789915966386 0.12933333333333333 0.007983193277310924
0 0.546 0.7140756302521009 0.0013333333333333333 0.0021008403361344537
0 0.8093333333333333 0.6705882352941176 0.048 0.08487394957983194
0 0.8093333333333333 0.7224789915966386 0.13066666666666665 0.007983193277310924
0 0.81 0.7140756302521009 0.0013333333333333333 0.0021008403361344537
0 0.5006666666666667 0.5737394957983193 0.30533333333333335 0.009663865546218488
0 0.5 0.7644957983193277 1.0 0.0365546218487395
0 0.5 0.782563025210084 1.0 0.0004201680672268908
0 0.14666666666666667 0.7640756302521008 0.21066666666666667 0.013025210084033614
0 0.5 0.8752100840336134 1.0 0.18487394957983194
0 0.5 0.7829831932773109 1.0 0.0004201680672268908
0 0.10666666666666667 0.8817226890756302 0.0026666666666666666 0.1222689075630252
0 0.536 0.911344537815126 0.856 0.0008403361344537816
0 0.536 0.8813025210084033 0.856 0.0004201680672268908
0 0.536 0.8512605042016806 0.856 0.0008403361344537816
0 0.536 0.821218487394958 0.856 0.0004201680672268908
0 0.538 0.9415966386554622 0.8626666666666667 0.0008403361344537816
0 0.084 0.938655462184874 0.013333333333333334 0.0067226890756302525
0 0.06533333333333333 0.9105042016806723 0.05333333333333334 0.008403361344537815
0 0.062 0.8819327731092437 0.05733333333333333 0.008403361344537815
0 0.06133333333333333 0.853781512605042 0.058666666666666666 0.008403361344537815
0 0.062 0.8252100840336134 0.05733333333333333 0.008403361344537815
0 0.27066666666666667 0.8894957983193277 0.048 0.10420168067226891
0 0.2713333333333333 0.9512605042016806 0.10533333333333333 0.008403361344537815
0 0.2713333333333333 0.9426470588235294 0.0013333333333333333 0.0021008403361344537
0 0.5453333333333333 0.8991596638655462 0.048 0.08487394957983194
0 0.546 0.9510504201680672 0.12933333333333333 0.007983193277310924
0 0.546 0.9426470588235294 0.0013333333333333333 0.0021008403361344537
0 0.8093333333333333 0.8991596638655462 0.048 0.08487394957983194
0 0.8093333333333333 0.9510504201680672 0.13066666666666665 0.007983193277310924
0 0.81 0.9426470588235294 0.0013333333333333333 0.0021008403361344537
0 0.5 0.8023109243697479 0.24 0.009663865546218488
0 0.5453333333333333 0.15483193277310925 0.14933333333333335 0.030672268907563024
0 0.5453333333333333 0.15483193277310925 0.14933333333333335 0.030672268907563024
0 0.546 0.14726890756302521 0.132 0.007983193277310924
0 0.5473333333333333 0.1584033613445378 0.06 0.008403361344537815
0 0.24666666666666667 0.058403361344537816 0.49333333333333335 0.1672268907563025
0 0.4713333333333333 0.4890756302521008 1.0573333333333332 1.0218487394957982