0 0.5 0.05480295566502463 1.0 0.10960591133004927
0 0.036 0.0812807881773399 0.029333333333333333 0.024630541871921183
0 0.14 0.08312807881773399 0.15733333333333333 0.020935960591133004
0 0.5013333333333333 0.08435960591133004 0.39466666666666667 0.020935960591133004
1 0.9253333333333333 0.02832512315270936 0.058666666666666666 0.014778325123152709
2 0.96 0.02832512315270936 0.005333333333333333 0.0049261083743842365
2 0.9253333333333333 0.02832512315270936 0.048 0.009852216748768473
1 0.8613333333333333 0.02832512315270936 0.042666666666666665 0.014778325123152709
2 0.8613333333333333 0.02832512315270936 0.042666666666666665 0.014778325123152709
2 0.8613333333333333 0.02832512315270936 0.042666666666666665 0.014778325123152709
1 0.8053333333333333 0.02832512315270936 0.048 0.014778325123152709
2 0.8053333333333333 0.02832512315270936 0.048 0.014778325123152709
2 0.8053333333333333 0.02832512315270936 0.048 0.014778325123152709
2 0.8053333333333333 0.02832512315270936 0.048 0.014778325123152709
0 0.12666666666666668 0.03078817733990148 0.072 0.014778325123152709
0 0.5 0.4667487684729064 1.0 0.054187192118226604
0 0.14133333333333334 0.4642857142857143 0.19733333333333333 0.017241379310344827
0 0.8893333333333333 0.4667487684729064 0.136 0.03694581280788178
0 0.8626666666666667 0.47044334975369456 0.11466666666666667 0.054187192118226604
0 0.5 0.30110837438423643 1.0 0.2770935960591133
0 0.5213333333333333 0.43903940886699505 0.9573333333333334 0.0012315270935960591
1 0.304 0.4039408866995074 0.064 0.029556650246305417
2 0.304 0.4039408866995074 0.064 0.029556650246305417
0 0.30266666666666664 0.36145320197044334 0.09333333333333334 0.020935960591133004
1 0.304 0.2561576354679803 0.16 0.1477832512315271
2 0.304 0.2561576354679803 0.16 0.1477832512315271
2 0.304 0.24630541871921183 0.13866666666666666 0.022167487684729065
2 0.304 0.2733990147783251 0.13866666666666666 0.022167487684729065
2 0.304 0.2561576354679803 0.16 0.1477832512315271
2 0.30266666666666664 0.21182266009852216 0.072 0.014778325123152709
0 0.6906666666666667 0.4039408866995074 0.064 0.029556650246305417
0 0.6906666666666667 0.35960591133004927 0.09066666666666667 0.017241379310344827
1 0.6906666666666667 0.2561576354679803 0.16 0.1477832512315271
2 0.6906666666666667 0.2561576354679803 0.16 0.1477832512315271
2 0.6906666666666667 0.24630541871921183 0.13866666666666666 0.022167487684729065
2 0.6906666666666667 0.2733990147783251 0.13866666666666666 0.022167487684729065
2 0.6906666666666667 0.2561576354679803 0.16 0.1477832512315271
2 0.6893333333333334 0.21305418719211822 0.072 0.014778325123152709
0 0.15466666666666667 0.14470443349753695 0.224 0.013546798029556651
0 0.5 0.5997536945812808 1.0 0.054187192118226604
0 0.5 0.6539408866995073 1.0 0.054187192118226604
0 0.13866666666666666 0.6533251231527094 0.192 0.01600985221674877
0 0.8893333333333333 0.6539408866995073 0.136 0.03694581280788178
0 0.916 0.6576354679802956 0.11466666666666667 0.054187192118226604
0 0.5213333333333333 0.6274630541871922 0.9573333333333334 0.0012315270935960591
0 0.5013333333333333 0.5997536945812808 0.72 0.0024630541871921183
0 0.3293333333333333 0.5997536945812808 0.392 0.0024630541871921183
0 0.5013333333333333 0.603448275862069 0.11733333333333333 0.054187192118226604
0 0.06666666666666667 0.5991379310344828 0.048 0.020935960591133004
0 0.06666666666666667 0.5991379310344828 0.048 0.020935960591133004
0 0.06666666666666667 0.5991379310344828 0.048 0.020935960591133004
0 0.06666666666666667 0.5991379310344828 0.048 0.020935960591133004
0 0.06666666666666667 0.5991379310344828 0.048 0.020935960591133004
0 0.06666666666666667 0.5991379310344828 0.048 0.020935960591133004
0 0.06666666666666667 0.5991379310344828 0.048 0.020935960591133004
0 0.06666666666666667 0.5991379310344828 0.048 0.020935960591133004
1 0.06666666666666667 0.5997536945812808 0.016 0.007389162561576354
0 0.9253333333333333 0.6009852216748769 0.064 0.029556650246305417
0 0.9253333333333333 0.6009852216748769 0.064 0.029556650246305417
0 0.9253333333333333 0.6009852216748769 0.064 0.029556650246305417
0 0.9253333333333333 0.6009852216748769 0.064 0.029556650246305417
0 0.9253333333333333 0.6009852216748769 0.064 0.029556650246305417
0 0.9253333333333333 0.6009852216748769 0.064 0.029556650246305417
0 0.9253333333333333 0.6009852216748769 0.064 0.029556650246305417
0 0.9253333333333333 0.6009852216748769 0.064 0.029556650246305417
1 0.9253333333333333 0.6009852216748769 0.021333333333333333 0.009852216748768473
0 0.468 0.7259852216748769 0.8666666666666667 0.05788177339901478
0 0.15066666666666667 0.5548029556650246 0.21066666666666667 0.013546798029556651
0 0.5 0.812807881773399 1.0 0.054187192118226604
0 0.9506666666666667 0.812807881773399 0.018666666666666668 0.014778325123152709
0 0.7106666666666667 0.812807881773399 0.4026666666666667 0.017241379310344827
0 0.13866666666666666 0.812192118226601 0.192 0.01600985221674877
0 0.5 0.8971674876847291 1.0 0.05541871921182266
0 0.9506666666666667 0.8977832512315271 0.018666666666666668 0.014778325123152709
0 0.82 0.896551724137931 0.18933333333333333 0.017241379310344827
0 0.144 0.895320197044335 0.20266666666666666 0.017241379310344827
0 0.5 0.9519704433497537 1.0 0.054187192118226604
0 0.8893333333333333 0.9519704433497537 0.136 0.03694581280788178
0 0.916 0.9556650246305419 0.11466666666666667 0.054187192118226604
0 0.18 0.9507389162561576 0.2693333333333333 0.017241379310344827
0 0.5213333333333333 0.9242610837438424 0.9573333333333334 0.0012315270935960591
0 0.5013333333333333 0.9858374384236454 0.35733333333333334 0.006157635467980296