0 0.5 0.8565110565110565 1.0 0.23095823095823095
0 0.5 0.7805896805896806 1.0 0.0004914004914004914
0 0.5006666666666667 0.8761670761670761 0.0013333333333333333 0.19164619164619165
0 0.5 0.8764127764127764 1.0 0.0004914004914004914
0 0.037333333333333336 0.7606879606879607 0.010666666666666666 0.012776412776412777
0 0.09533333333333334 0.7606879606879607 0.07066666666666667 0.012776412776412777
0 0.8666666666666667 0.8285012285012285 0.192 0.07076167076167077
0 0.8666666666666667 0.9243243243243243 0.192 0.07076167076167077
0 0.388 0.9243243243243243 0.192 0.07076167076167077
0 0.6033333333333334 0.8171990171990172 0.14533333333333334 0.013759213759213759
0 0.6246666666666667 0.8371007371007371 0.188 0.011302211302211302
0 0.388 0.8285012285012285 0.192 0.07076167076167077
0 0.10666666666666667 0.8171990171990172 0.14666666666666667 0.013759213759213759
0 0.14333333333333334 0.8371007371007371 0.22266666666666668 0.011302211302211302
0 0.6033333333333334 0.913022113022113 0.14533333333333334 0.013759213759213759
0 0.5926666666666667 0.932923832923833 0.124 0.011302211302211302
0 0.10733333333333334 0.913022113022113 0.148 0.013759213759213759
0 0.144 0.932923832923833 0.224 0.011302211302211302
0 0.5 0.6167076167076168 1.0 0.23095823095823095
0 0.396 0.5886977886977887 0.144 0.05307125307125307
0 0.396 0.6845208845208846 0.144 0.05307125307125307
0 0.896 0.5886977886977887 0.144 0.05307125307125307
0 0.896 0.6845208845208846 0.144 0.05307125307125307
0 0.037333333333333336 0.5208845208845209 0.010666666666666666 0.012776412776412777
0 0.11466666666666667 0.5206388206388206 0.10933333333333334 0.013267813267813268
0 0.5 0.5407862407862408 1.0 0.0004914004914004914
0 0.5006666666666667 0.6363636363636364 0.0013333333333333333 0.19164619164619165
0 0.5 0.6366093366093366 1.0 0.0004914004914004914
0 0.6453333333333333 0.5786240786240786 0.22133333333333333 0.013267813267813268
0 0.6293333333333333 0.5987714987714988 0.192 0.011302211302211302
0 0.162 0.5788697788697789 0.26 0.013759213759213759
0 0.16 0.5987714987714988 0.25333333333333335 0.011302211302211302
0 0.6306666666666667 0.6754299754299754 0.192 0.013267813267813268
0 0.6126666666666667 0.6955773955773956 0.15866666666666668 0.011302211302211302
0 0.15533333333333332 0.6754299754299754 0.244 0.013267813267813268
0 0.10533333333333333 0.6955773955773956 0.144 0.011302211302211302
0 0.5 0.4491400491400491 1.0 0.08845208845208845
0 0.744 0.4491400491400491 0.4266666666666667 0.07272727272727272
0 0.5 0.485995085995086 0.008 0.0029484029484029483
0 0.4786666666666667 0.485995085995086 0.008 0.0029484029484029483
0 0.5213333333333333 0.485995085995086 0.008 0.0029484029484029483
0 0.216 0.4651105651105651 0.36533333333333334 0.01425061425061425
0 0.2906666666666667 0.4383292383292383 0.512 0.019656019656019656
0 0.5 0.372972972972973 1.0 0.04815724815724816
0 0.8853333333333333 0.372972972972973 0.09866666666666667 0.014742014742014743
0 0.8866666666666667 0.372972972972973 0.08 0.009828009828009828
0 0.962 0.37272727272727274 0.017333333333333333 0.011302211302211302
0 0.12933333333333333 0.372972972972973 0.09866666666666667 0.03636363636363636
0 0.494 0.3628992628992629 0.5293333333333333 0.011302211302211302
0 0.20266666666666666 0.36412776412776415 0.008 0.0029484029484029483
0 0.308 0.38255528255528254 0.16 0.011302211302211302
0 0.20266666666666666 0.3832923832923833 0.008 0.0029484029484029483
0 0.5 0.2457002457002457 1.0 0.20638820638820637
0 0.14 0.17985257985257985 0.216 0.05896805896805897
0 0.13666666666666666 0.1972972972972973 0.09466666666666666 0.011302211302211302
0 0.136 0.17248157248157248 0.07466666666666667 0.027518427518427518
0 0.17866666666666667 0.15724815724815724 0.050666666666666665 0.015724815724815724
0 0.17866666666666667 0.15724815724815724 0.050666666666666665 0.015724815724815724
0 0.17866666666666667 0.15724815724815724 0.02666666666666667 0.009828009828009828
0 0.62 0.17985257985257985 0.216 0.05896805896805897
0 0.6193333333333333 0.1972972972972973 0.09466666666666666 0.011302211302211302
0 0.6186666666666667 0.17248157248157248 0.07466666666666667 0.027518427518427518
0 0.6906666666666667 0.15724815724815724 0.10933333333333334 0.015724815724815724
0 0.6906666666666667 0.15724815724815724 0.10933333333333334 0.015724815724815724
0 0.6913333333333334 0.15724815724815724 0.08666666666666667 0.010810810810810811
0 0.38 0.17985257985257985 0.216 0.05896805896805897
0 0.378 0.1972972972972973 0.09466666666666666 0.011302211302211302
0 0.37733333333333335 0.17248157248157248 0.07466666666666667 0.027518427518427518
0 0.43466666666666665 0.15724815724815724 0.08 0.015724815724815724
0 0.43466666666666665 0.15724815724815724 0.08 0.015724815724815724
0 0.43466666666666665 0.15724815724815724 0.056 0.010810810810810811
0 0.86 0.17985257985257985 0.216 0.05896805896805897
0 0.8606666666666667 0.1972972972972973 0.09466666666666666 0.011302211302211302
0 0.86 0.17248157248157248 0.07466666666666667 0.027518427518427518
0 0.14 0.24471744471744472 0.216 0.05896805896805897
0 0.13666666666666666 0.26216216216216215 0.09466666666666666 0.011302211302211302
0 0.136 0.23734643734643734 0.07466666666666667 0.027518427518427518
0 0.62 0.24471744471744472 0.216 0.05896805896805897
0 0.6193333333333333 0.26216216216216215 0.09466666666666666 0.011302211302211302
0 0.6186666666666667 0.23734643734643734 0.07466666666666667 0.027518427518427518
0 0.38 0.24471744471744472 0.216 0.05896805896805897
0 0.378 0.26216216216216215 0.09466666666666666 0.011302211302211302
0 0.37733333333333335 0.23734643734643734 0.07466666666666667 0.027518427518427518
0 0.86 0.24471744471744472 0.216 0.05896805896805897
0 0.8606666666666667 0.26216216216216215 0.09466666666666666 0.011302211302211302
0 0.86 0.23734643734643734 0.07466666666666667 0.027518427518427518
0 0.14 0.3095823095823096 0.216 0.05896805896805897
0 0.13733333333333334 0.327027027027027 0.09333333333333334 0.011302211302211302
0 0.13466666666666666 0.3022113022113022 0.07466666666666667 0.027518427518427518
0 0.38 0.3095823095823096 0.216 0.05896805896805897
0 0.378 0.327027027027027 0.09466666666666666 0.011302211302211302
0 0.37733333333333335 0.3022113022113022 0.07466666666666667 0.027518427518427518
0 0.62 0.3095823095823096 0.216 0.05896805896805897
0 0.618 0.327027027027027 0.09466666666666666 0.011302211302211302
0 0.6173333333333333 0.3022113022113022 0.07466666666666667 0.027518427518427518
0 0.86 0.3095823095823096 0.216 0.05896805896805897
0 0.858 0.327027027027027 0.09466666666666666 0.011302211302211302
0 0.8573333333333333 0.3022113022113022 0.07466666666666667 0.027518427518427518
0 0.13666666666666666 0.1968058968058968 0.09733333333333333 0.01425061425061425
0 0.6193333333333333 0.1968058968058968 0.12933333333333333 0.01425061425061425
0 0.378 0.1968058968058968 0.09733333333333333 0.01425061425061425
0 0.8606666666666667 0.1968058968058968 0.16133333333333333 0.01425061425061425
0 0.6186666666666667 0.17272727272727273 0.050666666666666665 0.023095823095823097
0 0.6186666666666667 0.17174447174447174 0.032 0.013267813267813268
0 0.6186666666666667 0.18034398034398033 0.008 0.0029484029484029483
0 0.6193333333333333 0.16437346437346437 0.009333333333333334 0.0014742014742014742
0 0.136 0.17346437346437346 0.064 0.023587223587223587
0 0.136 0.17346437346437346 0.064 0.023587223587223587
0 0.136 0.17346437346437346 0.064 0.023587223587223587
0 0.136 0.17346437346437346 0.064 0.023587223587223587
0 0.136 0.17346437346437346 0.064 0.023587223587223587
0 0.136 0.17346437346437346 0.064 0.023587223587223587
0 0.136 0.17346437346437346 0.064 0.023587223587223587
0 0.136 0.17346437346437346 0.064 0.023587223587223587
0 0.136 0.17346437346437346 0.064 0.023587223587223587
0 0.136 0.17346437346437346 0.064 0.023587223587223587
0 0.136 0.17346437346437346 0.064 0.023587223587223587
0 0.136 0.17346437346437346 0.064 0.023587223587223587
0 0.37733333333333335 0.17272727272727273 0.058666666666666666 0.02407862407862408
0 0.86 0.17223587223587222 0.06933333333333333 0.019164619164619166
0 0.8573333333333333 0.32604422604422606 0.064 0.01425061425061425
0 0.842 0.29287469287469287 0.025333333333333333 0.008845208845208846
0 0.842 0.3036855036855037 0.025333333333333333 0.008845208845208846
0 0.874 0.29287469287469287 0.025333333333333333 0.008845208845208846
0 0.874 0.3036855036855037 0.025333333333333333 0.008845208845208846
0 0.842 0.29656019656019655 0.025333333333333333 0.009336609336609337
0 0.842 0.30737100737100737 0.025333333333333333 0.009336609336609337
0 0.8713333333333333 0.29656019656019655 0.025333333333333333 0.009336609336609337
0 0.8713333333333333 0.30737100737100737 0.025333333333333333 0.009336609336609337
0 0.13666666666666666 0.32604422604422606 0.09733333333333333 0.01425061425061425
0 0.37866666666666665 0.32604422604422606 0.128 0.01425061425061425
0 0.62 0.32604422604422606 0.096 0.01425061425061425
0 0.13466666666666666 0.3022113022113022 0.064 0.023587223587223587
0 0.13466666666666666 0.30319410319410317 0.048 0.0068796068796068794
0 0.146 0.3034398034398034 0.014666666666666666 0.004422604422604423
0 0.124 0.3034398034398034 0.016 0.004422604422604423
0 0.37866666666666665 0.3017199017199017 0.058666666666666666 0.01769041769041769
0 0.62 0.3022113022113022 0.050666666666666665 0.022604422604422605
0 0.13666666666666666 0.2611793611793612 0.09733333333333333 0.01425061425061425
0 0.6193333333333333 0.2611793611793612 0.12933333333333333 0.01425061425061425
0 0.378 0.2611793611793612 0.09733333333333333 0.01425061425061425
0 0.8606666666666667 0.2611793611793612 0.12933333333333333 0.01425061425061425
0 0.13533333333333333 0.23734643734643734 0.05733333333333333 0.023587223587223587
0 0.618 0.2371007371007371 0.06266666666666666 0.02506142506142506
0 0.37733333333333335 0.23734643734643734 0.05333333333333334 0.022604422604422605
0 0.8606666666666667 0.2371007371007371 0.05733333333333333 0.02407862407862408
0 0.86 0.23906633906633906 0.021333333333333333 0.011302211302211302
0 0.5 0.07125307125307126 1.0 0.14250614250614252
0 0.138 0.12383292383292384 0.108 0.012776412776412777
0 0.37933333333333336 0.12358722358722359 0.07333333333333333 0.013267813267813268
0 0.6213333333333333 0.12383292383292384 0.072 0.012776412776412777
0 0.8586666666666667 0.12358722358722359 0.072 0.013267813267813268
0 0.14 0.08943488943488943 0.12 0.044226044226044224
0 0.38 0.08943488943488943 0.12 0.044226044226044224
0 0.62 0.08943488943488943 0.12 0.044226044226044224
0 0.86 0.08943488943488943 0.12 0.044226044226044224
0 0.024 0.009582309582309583 0.013333333333333334 0.005405405405405406
0 0.04066666666666666 0.009582309582309583 0.014666666666666666 0.005405405405405406
0 0.05733333333333333 0.009582309582309583 0.013333333333333334 0.005405405405405406
0 0.074 0.009582309582309583 0.014666666666666666 0.005405405405405406
0 0.074 0.009582309582309583 0.014666666666666666 0.005405405405405406
0 0.09066666666666667 0.009582309582309583 0.013333333333333334 0.005405405405405406
0 0.09066666666666667 0.009582309582309583 0.013333333333333334 0.005405405405405406
1 0.12266666666666666 0.009582309582309583 0.029333333333333333 0.008353808353808353
2 0.12266666666666666 0.009582309582309583 0.029333333333333333 0.008353808353808353
2 0.12266666666666666 0.009582309582309583 0.029333333333333333 0.008353808353808353
0 0.49733333333333335 0.010073710073710074 0.104 0.008353808353808353
0 0.9486666666666667 0.009828009828009828 0.05466666666666667 0.008845208845208846
0 0.9486666666666667 0.009828009828009828 0.05466666666666667 0.008845208845208846
0 0.9513333333333334 0.009582309582309583 0.05733333333333333 0.007371007371007371
0 0.9513333333333334 0.009582309582309583 0.05733333333333333 0.007371007371007371
0 0.8873333333333333 0.010073710073710074 0.05733333333333333 0.008353808353808353
1 0.834 0.009828009828009828 0.02 0.012776412776412777
2 0.834 0.009828009828009828 0.02 0.012776412776412777
2 0.834 0.009828009828009828 0.02 0.012776412776412777
1 0.8413333333333334 0.04152334152334152 0.064 0.019164619164619166
2 0.8413333333333334 0.04152334152334152 0.064 0.019164619164619166
2 0.8413333333333334 0.04152334152334152 0.064 0.019164619164619166
2 0.8413333333333334 0.04152334152334152 0.064 0.019164619164619166
0 0.39866666666666667 0.04226044226044226 0.7333333333333333 0.025552825552825554
1 0.7266666666666667 0.04250614250614251 0.024 0.013267813267813268
2 0.7266666666666667 0.04250614250614251 0.024 0.013267813267813268
2 0.7266666666666667 0.04250614250614251 0.024 0.013267813267813268
1 0.07466666666666667 0.04226044226044226 0.037333333333333336 0.013759213759213759
2 0.07466666666666667 0.04226044226044226 0.037333333333333336 0.013759213759213759
2 0.07466666666666667 0.04226044226044226 0.037333333333333336 0.013759213759213759
0 0.184 0.042014742014742014 0.136 0.012285012285012284
1 0.9446666666666667 0.04226044226044226 0.052 0.018673218673218674
2 0.9446666666666667 0.04226044226044226 0.052 0.018673218673218674
0 0.6193333333333333 0.3385749385749386 0.09466666666666666 0.008845208845208846
0 0.5573333333333333 0.33906633906633904 0.016 0.0009828009828009828
0 0.6786666666666666 0.33906633906633904 0.016 0.0009828009828009828