0 0.5 0.45199473914949584 1.0 0.9039894782989917
0 0.5 0.47807978956597985 0.96 0.06444541867601929
0 0.36466666666666664 0.4736957474791758 0.22 0.04515563349408154
0 0.5993333333333334 0.473914949583516 0.22 0.04296361245067953
0 0.8306666666666667 0.473914949583516 0.22666666666666666 0.04296361245067953
0 0.15466666666666667 0.4855326611135467 0.10666666666666667 0.015344147303814117
0 0.078 0.4855326611135467 0.025333333333333333 0.01183691363437089
0 0.078 0.4855326611135467 0.025333333333333333 0.01183691363437089
0 0.078 0.4855326611135467 0.025333333333333333 0.01183691363437089
0 0.078 0.4855326611135467 0.025333333333333333 0.01183691363437089
0 0.14933333333333335 0.46843489697501095 0.16533333333333333 0.010083296799649276
0 0.3546666666666667 0.49824638316527836 0.144 0.007452871547566856
0 0.438 0.4984655852696186 0.006666666666666667 0.0035072336694432268
0 0.438 0.4984655852696186 0.006666666666666667 0.0035072336694432268
0 0.824 0.49824638316527836 0.14666666666666667 0.007452871547566856
0 0.9086666666666666 0.4984655852696186 0.006666666666666667 0.0035072336694432268
0 0.9086666666666666 0.4984655852696186 0.006666666666666667 0.0035072336694432268
0 0.59 0.49824638316527836 0.132 0.007452871547566856
0 0.6673333333333333 0.4984655852696186 0.006666666666666667 0.0035072336694432268
0 0.6673333333333333 0.4984655852696186 0.006666666666666667 0.0035072336694432268
0 0.7953333333333333 0.4177992108724244 0.15066666666666667 0.01052170100832968
0 0.888 0.3288031565103025 0.16266666666666665 0.030688294607628234
0 0.05466666666666667 0.03156510302498904 0.058666666666666666 0.019289785181937746
0 0.051333333333333335 0.031126698816308637 0.02 0.011398509425690487
0 0.9453333333333334 0.03156510302498904 0.058666666666666666 0.019289785181937746
0 0.9453333333333334 0.032003507233669445 0.024 0.0131521262604121
0 0.9453333333333334 0.032003507233669445 0.024 0.0131521262604121
0 0.8626666666666667 0.03156510302498904 0.058666666666666666 0.019289785181937746
0 0.8633333333333333 0.03134590092064884 0.036 0.01183691363437089
0 0.8633333333333333 0.03134590092064884 0.036 0.01183691363437089
0 0.8633333333333333 0.03134590092064884 0.036 0.01183691363437089
0 0.8633333333333333 0.03134590092064884 0.036 0.01183691363437089
0 0.8633333333333333 0.03134590092064884 0.036 0.01183691363437089
0 0.8633333333333333 0.03134590092064884 0.036 0.01183691363437089
0 0.49933333333333335 0.14028934677772906 0.492 0.03419552827707146
0 0.5 0.265234546251644 0.41333333333333333 0.035072336694432264
0 0.35533333333333333 0.2650153441473038 0.05466666666666667 0.018851380973257344
0 0.532 0.2650153441473038 0.2773333333333333 0.01446733888645331
0 0.494 0.29482683033757123 0.2866666666666667 0.010083296799649276
0 0.3373333333333333 0.183691363437089 0.05333333333333334 0.025427444103463395
0 0.3373333333333333 0.183691363437089 0.05333333333333334 0.025427444103463395
0 0.3373333333333333 0.183691363437089 0.05333333333333334 0.025427444103463395
0 0.418 0.18478737395879 0.09466666666666666 0.029373081981587022
0 0.418 0.18478737395879 0.09466666666666666 0.029373081981587022
0 0.418 0.18478737395879 0.09466666666666666 0.029373081981587022
0 0.418 0.18478737395879 0.09466666666666666 0.029373081981587022
0 0.5026666666666667 0.183691363437089 0.05333333333333334 0.025427444103463395
0 0.5653333333333334 0.183691363437089 0.05333333333333334 0.025427444103463395
0 0.5653333333333334 0.183691363437089 0.05333333333333334 0.025427444103463395
0 0.5653333333333334 0.183691363437089 0.05333333333333334 0.025427444103463395
0 0.6466666666666666 0.1845681718544498 0.08 0.027181060938185005
0 0.6466666666666666 0.1845681718544498 0.08 0.027181060938185005
0 0.6466666666666666 0.1845681718544498 0.08 0.027181060938185005
0 0.194 0.22051731696624288 0.068 0.02104340201665936
0 0.194 0.22051731696624288 0.068 0.02104340201665936
0 0.194 0.22051731696624288 0.068 0.02104340201665936
0 0.194 0.22051731696624288 0.068 0.02104340201665936
0 0.194 0.22051731696624288 0.068 0.02104340201665936
0 0.194 0.22051731696624288 0.068 0.02104340201665936
0 0.194 0.22051731696624288 0.068 0.02104340201665936
0 0.264 0.22051731696624288 0.06666666666666667 0.02104340201665936
0 0.264 0.22051731696624288 0.06666666666666667 0.02104340201665936
0 0.264 0.22051731696624288 0.06666666666666667 0.02104340201665936
0 0.264 0.22051731696624288 0.06666666666666667 0.02104340201665936
0 0.264 0.22051731696624288 0.06666666666666667 0.02104340201665936
0 0.264 0.22051731696624288 0.06666666666666667 0.02104340201665936
0 0.3413333333333333 0.21964050854888206 0.08 0.0263042525208242
0 0.3413333333333333 0.21964050854888206 0.08 0.0263042525208242
0 0.3413333333333333 0.21964050854888206 0.08 0.0263042525208242
0 0.426 0.21854449802718107 0.08666666666666667 0.029373081981587022
0 0.426 0.21854449802718107 0.08666666666666667 0.029373081981587022
0 0.426 0.21854449802718107 0.08666666666666667 0.029373081981587022
0 0.5053333333333333 0.22051731696624288 0.064 0.02104340201665936
0 0.5053333333333333 0.22051731696624288 0.064 0.02104340201665936
0 0.5053333333333333 0.22051731696624288 0.064 0.02104340201665936
0 0.5053333333333333 0.22051731696624288 0.064 0.02104340201665936
0 0.5053333333333333 0.22051731696624288 0.064 0.02104340201665936
0 0.5833333333333334 0.21985971065322227 0.084 0.025865848312143797
0 0.5833333333333334 0.21985971065322227 0.084 0.025865848312143797
0 0.5833333333333334 0.21985971065322227 0.084 0.025865848312143797
0 0.5833333333333334 0.21985971065322227 0.084 0.025865848312143797
0 0.5833333333333334 0.21985971065322227 0.084 0.025865848312143797
0 0.5833333333333334 0.21985971065322227 0.084 0.025865848312143797
0 0.6666666666666666 0.21832529592284086 0.08 0.024550635686102586
0 0.6666666666666666 0.21832529592284086 0.08 0.024550635686102586
0 0.6666666666666666 0.21832529592284086 0.08 0.024550635686102586
0 0.6666666666666666 0.21832529592284086 0.08 0.024550635686102586
0 0.6666666666666666 0.21832529592284086 0.08 0.024550635686102586
0 0.6666666666666666 0.21832529592284086 0.08 0.024550635686102586
0 0.6666666666666666 0.21832529592284086 0.08 0.024550635686102586
0 0.6666666666666666 0.21832529592284086 0.08 0.024550635686102586
0 0.6666666666666666 0.21832529592284086 0.08 0.024550635686102586
0 0.6666666666666666 0.21832529592284086 0.08 0.024550635686102586
0 0.6666666666666666 0.21832529592284086 0.08 0.024550635686102586
0 0.7413333333333333 0.21920210434020165 0.06666666666666667 0.02104340201665936
0 0.804 0.21920210434020165 0.06933333333333333 0.02104340201665936
0 0.804 0.21920210434020165 0.06933333333333333 0.02104340201665936
0 0.804 0.21920210434020165 0.06933333333333333 0.02104340201665936
0 0.804 0.21920210434020165 0.06933333333333333 0.02104340201665936
0 0.804 0.21920210434020165 0.06933333333333333 0.02104340201665936
0 0.5 0.3796580447172293 0.96 0.1192459447610697
0 0.5126666666666667 0.3693555458132398 0.66 0.012713722051731697
0 0.5126666666666667 0.3693555458132398 0.66 0.012713722051731697
0 0.8233333333333334 0.3691363437088996 0.025333333333333333 0.006137658921525646
0 0.8233333333333334 0.3691363437088996 0.025333333333333333 0.006137658921525646
0 0.8233333333333334 0.3691363437088996 0.025333333333333333 0.006137658921525646
0 0.3353333333333333 0.3693555458132398 0.30266666666666664 0.00394563787812363
0 0.20466666666666666 0.3597106532222709 0.052 0.00657606313020605
0 0.51 0.3597106532222709 0.06533333333333333 0.00657606313020605
0 0.828 0.3592722490135905 0.06133333333333333 0.00657606313020605
0 0.19133333333333333 0.3693555458132398 0.02 0.00657606313020605
0 0.19133333333333333 0.36957474791758 0.014666666666666666 0.0035072336694432268
0 0.5033333333333333 0.3693555458132398 0.009333333333333334 0.003068829460762823
1 0.3873333333333333 0.34809294169224025 0.2813333333333333 0.01578255151249452
2 0.3873333333333333 0.34809294169224025 0.2813333333333333 0.01578255151249452
0 0.38866666666666666 0.346777729066199 0.22533333333333333 0.00789127575624726
0 0.524 0.34699693117053926 0.013333333333333334 0.004822446295484437
0 0.536 0.33735203857957036 0.024 0.007452871547566856
0 0.5293333333333333 0.3309951775537045 0.034666666666666665 0.01052170100832968
0 0.5173333333333333 0.3417360806663744 0.018666666666666668 0.005699254712845244
0 0.208 0.40464708461201226 0.12533333333333332 0.0070144673388864535
0 0.25733333333333336 0.38711091626479616 0.037333333333333336 0.012275317843051293
0 0.204 0.3853572994300745 0.04533333333333334 0.014905743095133712
0 0.23066666666666666 0.39193336256028055 0.042666666666666665 0.014028934677772907
0 0.5 0.40464708461201226 0.128 0.0070144673388864535
0 0.5033333333333333 0.3950021920210434 0.006666666666666667 0.008768084173608066
0 0.5033333333333333 0.3849188952213941 0.03866666666666667 0.0131521262604121
0 0.5033333333333333 0.3849188952213941 0.03866666666666667 0.0131521262604121
0 0.494 0.3825076720736519 0.006666666666666667 0.0021920210434020165
0 0.8253333333333334 0.40464708461201226 0.128 0.0070144673388864535
0 0.826 0.38754932047347657 0.11333333333333333 0.019289785181937746
0 0.416 0.4327049539675581 0.456 0.028057869355545814
0 0.786 0.4234984655852696 0.19333333333333333 0.02104340201665936
0 0.7806666666666666 0.42371766768960983 0.12666666666666668 0.010083296799649276
0 0.164 0.3910565541429198 0.048 0.01578255151249452
0 0.16466666666666666 0.39083735203857956 0.04933333333333333 0.016220955721174924
0 0.164 0.3910565541429198 0.048 0.01578255151249452
0 0.16466666666666666 0.395659798334064 0.044 0.00657606313020605
0 0.16466666666666666 0.3971942130644454 0.004 0.0008768084173608067
0 0.15266666666666667 0.396755808855765 0.012 0.0035072336694432268
0 0.152 0.396755808855765 0.005333333333333333 0.0035072336694432268
0 0.17666666666666667 0.396755808855765 0.012 0.0035072336694432268
0 0.17666666666666667 0.3965366067514248 0.004 0.003068829460762823
0 0.15466666666666667 0.38667251205611575 0.016 0.0008768084173608067
0 0.154 0.38886453309951774 0.017333333333333333 0.0008768084173608067
0 0.166 0.38930293730819815 0.006666666666666667 0.006137658921525646
0 0.16666666666666666 0.387987724682157 0.005333333333333333 0.0017536168347216134
0 0.16666666666666666 0.38974134151687856 0.005333333333333333 0.0017536168347216134
0 0.17533333333333334 0.38711091626479616 0.012 0.0008768084173608067
0 0.172 0.38711091626479616 0.0026666666666666666 0.0017536168347216134
0 0.17866666666666667 0.38711091626479616 0.0026666666666666666 0.0017536168347216134
0 0.17533333333333334 0.39017974572555897 0.012 0.004384042086804033
0 0.17533333333333334 0.39017974572555897 0.012 0.004384042086804033
0 0.176 0.38974134151687856 0.010666666666666666 0.0008768084173608067
0 0.17466666666666666 0.39039894782989915 0.0026666666666666666 0.00394563787812363
0 0.15 0.3895221394125384 0.009333333333333334 0.005699254712845244
0 0.15666666666666668 0.3895221394125384 0.009333333333333334 0.005699254712845244
0 0.5 0.73914949583516 1.0 0.4348969750109601