0 0.21645997745208567 0.2512315270935961 0.41037204058624577 0.45320197044334976
0 0.21645997745208567 0.06896551724137931 0.3968432919954904 0.059113300492610835
0 0.40022547914317924 0.06896551724137931 0.015783540022547914 0.034482758620689655
0 0.40022547914317924 0.06896551724137931 0.010146561443066516 0.022167487684729065
0 0.40022547914317924 0.06896551724137931 0.010146561443066516 0.022167487684729065
0 0.04255918827508456 0.06896551724137931 0.03551296505073281 0.027093596059113302
0 0.03889515219842165 0.12561576354679804 0.02705749718151071 0.027093596059113302
0 0.09470124013528748 0.1834975369458128 0.13979706877113868 0.024630541871921183
0 0.22435174746335965 0.18472906403940886 0.05298759864712514 0.024630541871921183
0 0.3111612175873732 0.18411330049261085 0.04735062006764374 0.023399014778325122
0 0.3788049605411499 0.18411330049261085 0.03156708004509583 0.023399014778325122
0 0.09611048478015784 0.21921182266009853 0.14261555806087936 0.024630541871921183
0 0.21335963923337092 0.21982758620689655 0.03100338218714769 0.023399014778325122
0 0.3111612175873732 0.21982758620689655 0.04735062006764374 0.023399014778325122
0 0.3788049605411499 0.21982758620689655 0.03156708004509583 0.023399014778325122
0 0.08793686583990981 0.25492610837438423 0.12514092446448705 0.024630541871921183
0 0.21279594137542276 0.2555418719211823 0.03100338218714769 0.023399014778325122
0 0.3111612175873732 0.2555418719211823 0.04735062006764374 0.023399014778325122
0 0.3788049605411499 0.2555418719211823 0.03156708004509583 0.023399014778325122
0 0.0963923337091319 0.29064039408866993 0.14205186020293123 0.024630541871921183
0 0.22435174746335965 0.291871921182266 0.05298759864712514 0.024630541871921183
0 0.3111612175873732 0.29125615763546797 0.04735062006764374 0.023399014778325122
0 0.3788049605411499 0.29125615763546797 0.03156708004509583 0.023399014778325122
0 0.08286358511837655 0.3263546798029557 0.1161217587373168 0.024630541871921183
0 0.21335963923337092 0.32697044334975367 0.03100338218714769 0.023399014778325122
0 0.3111612175873732 0.32697044334975367 0.04735062006764374 0.023399014778325122
0 0.3788049605411499 0.32697044334975367 0.03156708004509583 0.023399014778325122
0 0.0834272829763247 0.3620689655172414 0.1161217587373168 0.024630541871921183
0 0.08483652762119503 0.3977832512315271 0.1189402480270575 0.024630541871921183
0 0.21307779030439683 0.3626847290640394 0.03156708004509583 0.023399014778325122
0 0.21307779030439683 0.3983990147783251 0.03156708004509583 0.023399014778325122
0 0.3111612175873732 0.3626847290640394 0.04735062006764374 0.023399014778325122
0 0.3111612175873732 0.3983990147783251 0.04735062006764374 0.023399014778325122
0 0.24492671927846674 0.3626847290640394 0.03100338218714769 0.023399014778325122
0 0.24492671927846674 0.3983990147783251 0.03100338218714769 0.023399014778325122
0 0.21645997745208567 0.15825123152709358 0.3968432919954904 0.011083743842364532
0 0.2153325817361894 0.12561576354679804 0.03494926719278467 0.027093596059113302
0 0.24239007891770012 0.12623152709359606 0.018038331454340473 0.023399014778325122
0 0.2976324689966178 0.12561576354679804 0.019165727170236752 0.027093596059113302
0 0.6040022547914318 0.2641625615763547 0.33765501691093575 0.4839901477832512
0 0.6040022547914318 0.06896551724137931 0.3241262683201804 0.059113300492610835
0 0.7514092446448704 0.06896551724137931 0.015783540022547914 0.034482758620689655
0 0.7514092446448704 0.06896551724137931 0.010146561443066516 0.022167487684729065
0 0.7514092446448704 0.06896551724137931 0.010146561443066516 0.022167487684729065
0 0.4664599774520857 0.06896551724137931 0.03551296505073281 0.027093596059113302
0 0.4627959413754228 0.12561576354679804 0.02705749718151071 0.027093596059113302
0 0.5186020293122886 0.1834975369458128 0.13979706877113868 0.024630541871921183
0 0.6482525366403608 0.18472906403940886 0.05298759864712514 0.024630541871921183
0 0.7350620067643743 0.18411330049261085 0.04735062006764374 0.023399014778325122
0 0.520011273957159 0.21921182266009853 0.14261555806087936 0.024630541871921183
0 0.637260428410372 0.21982758620689655 0.03100338218714769 0.023399014778325122
0 0.7350620067643743 0.21982758620689655 0.04735062006764374 0.023399014778325122
0 0.5118376550169109 0.25492610837438423 0.12514092446448705 0.024630541871921183
0 0.6366967305524239 0.2555418719211823 0.03100338218714769 0.023399014778325122
0 0.7350620067643743 0.2555418719211823 0.04735062006764374 0.023399014778325122
0 0.520293122886133 0.29064039408866993 0.14205186020293123 0.024630541871921183
0 0.6482525366403608 0.291871921182266 0.05298759864712514 0.024630541871921183
0 0.7350620067643743 0.29125615763546797 0.04735062006764374 0.023399014778325122
0 0.5067643742953777 0.3263546798029557 0.1161217587373168 0.024630541871921183
0 0.637260428410372 0.32697044334975367 0.03100338218714769 0.023399014778325122
0 0.7350620067643743 0.32697044334975367 0.04735062006764374 0.023399014778325122
0 0.5073280721533259 0.3620689655172414 0.1161217587373168 0.024630541871921183
0 0.5087373167981961 0.3977832512315271 0.1189402480270575 0.024630541871921183
0 0.636978579481398 0.3626847290640394 0.03156708004509583 0.023399014778325122
0 0.636978579481398 0.3983990147783251 0.03156708004509583 0.023399014778325122
0 0.7350620067643743 0.3626847290640394 0.04735062006764374 0.023399014778325122
0 0.7350620067643743 0.3983990147783251 0.04735062006764374 0.023399014778325122
0 0.6688275084554679 0.3626847290640394 0.03100338218714769 0.023399014778325122
0 0.6688275084554679 0.3983990147783251 0.03100338218714769 0.023399014778325122
0 0.6040022547914318 0.15825123152709358 0.3241262683201804 0.011083743842364532
0 0.6040022547914318 0.42426108374384236 0.3241262683201804 0.011083743842364532
0 0.6037204058624577 0.4642857142857143 0.08568207440811725 0.04926108374384237
0 0.6093573844419391 0.4649014778325123 0.02705749718151071 0.02586206896551724
0 0.5901916572717024 0.4642857142857143 0.015783540022547914 0.034482758620689655
0 0.5901916572717024 0.4642857142857143 0.011273957158962795 0.024630541871921183
0 0.5901916572717024 0.4642857142857143 0.011273957158962795 0.024630541871921183
0 0.5901916572717024 0.4642857142857143 0.011273957158962795 0.024630541871921183
0 0.5901916572717024 0.4642857142857143 0.011273957158962795 0.024630541871921183
0 0.5916009019165727 0.46120689655172414 0.008455467869222097 0.01847290640394089
0 0.5916009019165727 0.46120689655172414 0.008455467869222097 0.01847290640394089
0 0.6392333709131905 0.12561576354679804 0.03494926719278467 0.027093596059113302
0 0.6662908680947013 0.12623152709359606 0.018038331454340473 0.023399014778325122
0 0.7215332581736189 0.12561576354679804 0.019165727170236752 0.027093596059113302
0 0.21645997745208567 0.7241379310344828 0.41037204058624577 0.45320197044334976
0 0.21645997745208567 0.541871921182266 0.3968432919954904 0.059113300492610835
0 0.40022547914317924 0.541871921182266 0.015783540022547914 0.034482758620689655
0 0.40022547914317924 0.541871921182266 0.010146561443066516 0.022167487684729065
0 0.40022547914317924 0.541871921182266 0.010146561443066516 0.022167487684729065
0 0.04255918827508456 0.541871921182266 0.03551296505073281 0.027093596059113302
0 0.06228861330326945 0.5972906403940886 0.07384441939120631 0.027093596059113302
0 0.09470124013528748 0.6564039408866995 0.13979706877113868 0.024630541871921183
0 0.22435174746335965 0.6576354679802956 0.05298759864712514 0.024630541871921183
0 0.3111612175873732 0.6570197044334976 0.04735062006764374 0.023399014778325122
0 0.3788049605411499 0.6570197044334976 0.03156708004509583 0.023399014778325122
0 0.09611048478015784 0.6921182266009852 0.14261555806087936 0.024630541871921183
0 0.21335963923337092 0.6927339901477833 0.03100338218714769 0.023399014778325122
0 0.3111612175873732 0.6927339901477833 0.04735062006764374 0.023399014778325122
0 0.3788049605411499 0.6927339901477833 0.03156708004509583 0.023399014778325122
0 0.08793686583990981 0.7278325123152709 0.12514092446448705 0.024630541871921183
0 0.21335963923337092 0.728448275862069 0.03100338218714769 0.023399014778325122
0 0.3111612175873732 0.728448275862069 0.04735062006764374 0.023399014778325122
0 0.3788049605411499 0.728448275862069 0.03156708004509583 0.023399014778325122
0 0.0963923337091319 0.7635467980295566 0.14205186020293123 0.024630541871921183
0 0.07666290868094701 0.8349753694581281 0.10259301014656144 0.024630541871921183
0 0.22435174746335965 0.7647783251231527 0.05298759864712514 0.024630541871921183
0 0.3111612175873732 0.7641625615763546 0.04735062006764374 0.023399014778325122
0 0.3788049605411499 0.7641625615763546 0.03156708004509583 0.023399014778325122
0 0.3788049605411499 0.8355911330049262 0.03156708004509583 0.023399014778325122
0 0.08286358511837655 0.7992610837438424 0.1161217587373168 0.024630541871921183
0 0.21335963923337092 0.7998768472906403 0.03100338218714769 0.023399014778325122
0 0.3111612175873732 0.7998768472906403 0.04735062006764374 0.023399014778325122
0 0.3788049605411499 0.7998768472906403 0.03156708004509583 0.023399014778325122
0 0.22435174746335965 0.8362068965517241 0.05298759864712514 0.024630541871921183
0 0.3111612175873732 0.8355911330049262 0.04735062006764374 0.023399014778325122
0 0.21645997745208567 0.6311576354679803 0.3968432919954904 0.011083743842364532
0 0.2153325817361894 0.5985221674876847 0.03494926719278467 0.027093596059113302
0 0.24239007891770012 0.5991379310344828 0.018038331454340473 0.023399014778325122
0 0.2976324689966178 0.5985221674876847 0.019165727170236752 0.027093596059113302