0 0.5 0.5222222222222223 1.0 0.9555555555555556
0 0.5 0.06666666666666667 0.9111111111111111 0.02666666666666667
0 0.5 0.08944444444444444 1.0 0.0011111111111111111
0 0.4986111111111111 0.09888888888888889 0.9972222222222222 0.02
0 0.07777777777777778 0.09888888888888889 0.06111111111111111 0.013333333333333334
0 0.5388888888888889 0.06722222222222222 0.16666666666666666 0.014444444444444444
0 0.42777777777777776 0.06777777777777778 0.022222222222222223 0.008888888888888889
0 0.42777777777777776 0.06777777777777778 0.022222222222222223 0.008888888888888889
0 0.5 0.5222222222222223 1.0 0.9555555555555556
0 0.5 0.08944444444444444 1.0 0.0011111111111111111
0 0.48194444444444445 0.10611111111111111 0.2638888888888889 0.021111111111111112
0 0.625 0.10777777777777778 0.044444444444444446 0.017777777777777778
0 0.625 0.10777777777777778 0.022222222222222223 0.006666666666666667
0 0.5222222222222223 0.2061111111111111 0.9555555555555556 0.0011111111111111111
0 0.5222222222222223 0.2872222222222222 0.9555555555555556 0.0011111111111111111
0 0.5222222222222223 0.36833333333333335 0.9555555555555556 0.0011111111111111111
0 0.4986111111111111 0.4083333333333333 0.9972222222222222 0.0811111111111111
0 0.5222222222222223 0.125 0.9555555555555556 0.0011111111111111111
0 0.4986111111111111 0.6516666666666666 0.9972222222222222 0.0811111111111111
0 0.30416666666666664 0.16555555555555557 0.2916666666666667 0.015555555555555555
0 0.9361111111111111 0.16166666666666665 0.016666666666666666 0.0077777777777777776
0 0.9361111111111111 0.16722222222222222 0.016666666666666666 0.0077777777777777776
0 0.9333333333333333 0.165 0.044444444444444446 0.01888888888888889
0 0.32083333333333336 0.08666666666666667 0.33055555555555555 0.015555555555555555
0 0.9361111111111111 0.08277777777777778 0.016666666666666666 0.0077777777777777776
0 0.9361111111111111 0.08833333333333333 0.016666666666666666 0.0077777777777777776
0 0.9333333333333333 0.08611111111111111 0.044444444444444446 0.01888888888888889
0 0.08888888888888889 0.165 0.044444444444444446 0.01888888888888889
0 0.08888888888888889 0.15944444444444444 0.016666666666666666 0.0077777777777777776
0 0.08888888888888889 0.17166666666666666 0.011111111111111112 0.005555555555555556
0 0.10555555555555556 0.17166666666666666 0.011111111111111112 0.005555555555555556
0 0.07222222222222222 0.17166666666666666 0.011111111111111112 0.005555555555555556
0 0.07222222222222222 0.16777777777777778 0.005555555555555556 0.006666666666666667
0 0.10555555555555556 0.16777777777777778 0.005555555555555556 0.006666666666666667
0 0.08888888888888889 0.1661111111111111 0.03888888888888889 0.0033333333333333335
0 0.08888888888888889 0.165 0.005555555555555556 0.01
0 0.08888888888888889 0.08611111111111111 0.044444444444444446 0.01888888888888889
0 0.08888888888888889 0.08055555555555556 0.016666666666666666 0.0077777777777777776
0 0.08888888888888889 0.09277777777777778 0.011111111111111112 0.005555555555555556
0 0.10555555555555556 0.09277777777777778 0.011111111111111112 0.005555555555555556
0 0.07222222222222222 0.09277777777777778 0.011111111111111112 0.005555555555555556
0 0.07222222222222222 0.08888888888888889 0.005555555555555556 0.006666666666666667
0 0.10555555555555556 0.08888888888888889 0.005555555555555556 0.006666666666666667
0 0.08888888888888889 0.08722222222222223 0.03888888888888889 0.0033333333333333335
0 0.08888888888888889 0.08611111111111111 0.005555555555555556 0.01
0 0.29583333333333334 0.2477777777777778 0.275 0.015555555555555555
0 0.08888888888888889 0.2477777777777778 0.044444444444444446 0.017777777777777778
0 0.08888888888888889 0.24222222222222223 0.016666666666666666 0.006666666666666667
0 0.08888888888888889 0.2544444444444444 0.011111111111111112 0.0044444444444444444
0 0.10555555555555556 0.2544444444444444 0.011111111111111112 0.0044444444444444444
0 0.07222222222222222 0.2544444444444444 0.011111111111111112 0.0044444444444444444
0 0.07222222222222222 0.25055555555555553 0.005555555555555556 0.005555555555555556
0 0.10555555555555556 0.25055555555555553 0.005555555555555556 0.005555555555555556
0 0.08888888888888889 0.24888888888888888 0.03888888888888889 0.0022222222222222222
0 0.08888888888888889 0.2477777777777778 0.005555555555555556 0.008888888888888889
0 0.9333333333333333 0.245 0.016666666666666666 0.0077777777777777776
0 0.9333333333333333 0.25 0.016666666666666666 0.006666666666666667
0 0.9305555555555556 0.2477777777777778 0.044444444444444446 0.017777777777777778
0 0.3347222222222222 0.3383333333333333 0.35833333333333334 0.014444444444444444
0 0.2263888888888889 0.32055555555555554 0.1361111111111111 0.014444444444444444
0 0.08888888888888889 0.32722222222222225 0.08888888888888889 0.03666666666666667
0 0.5222222222222223 0.5305555555555556 0.9555555555555556 0.0011111111111111111
0 0.5222222222222223 0.6116666666666667 0.9555555555555556 0.0011111111111111111
0 0.5222222222222223 0.4494444444444444 0.9555555555555556 0.0011111111111111111
0 0.34305555555555556 0.41888888888888887 0.375 0.013333333333333334
0 0.2152777777777778 0.4 0.11388888888888889 0.015555555555555555
0 0.08888888888888889 0.4088888888888889 0.08888888888888889 0.035555555555555556
0 0.08888888888888889 0.4088888888888889 0.05 0.02
0 0.9333333333333333 0.4088888888888889 0.044444444444444446 0.017777777777777778
0 0.9333333333333333 0.40944444444444444 0.03888888888888889 0.014444444444444444
0 0.9333333333333333 0.49 0.044444444444444446 0.017777777777777778
0 0.9333333333333333 0.4905555555555556 0.03888888888888889 0.014444444444444444
0 0.3347222222222222 0.5005555555555555 0.35833333333333334 0.014444444444444444
0 0.2625 0.4822222222222222 0.20833333333333334 0.015555555555555555
0 0.08888888888888889 0.49 0.08888888888888889 0.035555555555555556
0 0.3347222222222222 0.5816666666666667 0.35833333333333334 0.014444444444444444
0 0.21388888888888888 0.5622222222222222 0.11666666666666667 0.015555555555555555
0 0.08888888888888889 0.5711111111111111 0.08888888888888889 0.035555555555555556
0 0.3347222222222222 0.6627777777777778 0.35833333333333334 0.014444444444444444
0 0.2263888888888889 0.645 0.1361111111111111 0.014444444444444444
0 0.08888888888888889 0.6516666666666666 0.08888888888888889 0.03666666666666667
0 0.5222222222222223 0.855 0.9555555555555556 0.0011111111111111111
0 0.5222222222222223 0.9361111111111111 0.9555555555555556 0.0011111111111111111
0 0.5222222222222223 0.7738888888888888 0.9555555555555556 0.0011111111111111111
0 0.5222222222222223 0.6927777777777778 0.9555555555555556 0.0011111111111111111
0 0.34305555555555556 0.7433333333333333 0.375 0.013333333333333334
0 0.2152777777777778 0.7244444444444444 0.11388888888888889 0.015555555555555555
0 0.08888888888888889 0.7333333333333333 0.08888888888888889 0.035555555555555556
0 0.3347222222222222 0.825 0.35833333333333334 0.014444444444444444
0 0.2625 0.8066666666666666 0.20833333333333334 0.015555555555555555
0 0.08888888888888889 0.8138888888888889 0.08888888888888889 0.03666666666666667
0 0.3347222222222222 0.9061111111111111 0.35833333333333334 0.014444444444444444
0 0.21388888888888888 0.8866666666666667 0.11666666666666667 0.015555555555555555
0 0.08888888888888889 0.8955555555555555 0.08888888888888889 0.035555555555555556
0 0.3347222222222222 0.9872222222222222 0.35833333333333334 0.014444444444444444
0 0.2263888888888889 0.9694444444444444 0.1361111111111111 0.014444444444444444
0 0.08888888888888889 0.9761111111111112 0.08888888888888889 0.03666666666666667
0 0.5 0.022222222222222223 1.0 0.044444444444444446
0 0.6916666666666667 0.021666666666666667 0.55 0.014444444444444444