0 0.5 0.974512743628186 0.6933333333333334 0.01649175412293853
0 0.5 0.19002998500749624 1.0 0.3800599700149925
0 0.5 0.42916041979010494 1.0 0.0007496251874062968
0 0.2633333333333333 0.40367316341829085 0.444 0.020239880059970013
0 0.5 0.37968515742128933 1.0 0.0007496251874062968
0 0.5 0.30847076461769113 0.30933333333333335 0.020239880059970013
0 0.5 0.272863568215892 0.088 0.0239880059970015
0 0.09333333333333334 1.1041979010494753 0.10666666666666667 0.05997001499250375
0 0.5 0.10119940029985007 1.0 0.20239880059970014
0 0.5 0.18365817091454273 0.2 0.11244377811094453
0 0.5 0.047976011994003 1.0 0.095952023988006
0 0.028 0.015367316341829085 0.013333333333333334 0.008245877061469266
0 0.04666666666666667 0.015367316341829085 0.013333333333333334 0.008245877061469266
0 0.066 0.015367316341829085 0.014666666666666666 0.008245877061469266
0 0.08466666666666667 0.015367316341829085 0.014666666666666666 0.008245877061469266
0 0.10333333333333333 0.015367316341829085 0.014666666666666666 0.008245877061469266
0 0.18266666666666667 0.015742128935532233 0.11733333333333333 0.01649175412293853
0 0.5113333333333333 0.014992503748125937 0.06266666666666666 0.013493253373313344
0 0.886 0.027736131934032984 0.04666666666666667 0.037481259370314844
0 0.2806666666666667 0.019865067466266866 0.012 0.005247376311844078
0 0.2806666666666667 0.019865067466266866 0.012 0.005247376311844078
0 0.2806666666666667 0.01461769115442279 0.02266666666666667 0.005247376311844078
0 0.2806666666666667 0.01461769115442279 0.02266666666666667 0.005247376311844078
0 0.2806666666666667 0.01461769115442279 0.02266666666666667 0.005247376311844078
0 0.28 0.011244377811094454 0.032 0.005997001499250375
0 0.28 0.011244377811094454 0.032 0.005997001499250375
0 0.28 0.011244377811094454 0.032 0.005997001499250375
0 0.9526666666666667 0.014992503748125937 0.05466666666666667 0.013493253373313344
0 0.9526666666666667 0.014992503748125937 0.04933333333333333 0.010494752623688156
0 0.9833333333333333 0.01461769115442279 0.004 0.005247376311844078
0 0.49933333333333335 0.06221889055472264 0.188 0.025487256371814093
0 0.9013333333333333 0.06296851574212893 0.010666666666666666 0.005997001499250375
0 0.928 0.06296851574212893 0.010666666666666666 0.005997001499250375
0 0.9546666666666667 0.06296851574212893 0.010666666666666666 0.005997001499250375
0 0.928 0.06296851574212893 0.058666666666666666 0.03298350824587706
0 0.928 0.06296851574212893 0.05333333333333334 0.029985007496251874
0 0.928 0.06296851574212893 0.05333333333333334 0.029985007496251874
0 0.928 0.0704647676161919 0.005333333333333333 0.0029985007496251873
0 0.928 0.061094452773613195 0.018666666666666668 0.01424287856071964
0 0.9173333333333333 0.06221889055472264 0.08533333333333333 0.031484257871064465
0 0.116 0.06296851574212893 0.08 0.022488755622188907
0 0.9173333333333333 0.061094452773613195 0.08533333333333333 0.02923538230884558
0 0.050666666666666665 0.06296851574212893 0.02666666666666667 0.025487256371814093