0 0.5 0.5 1.0 1.0
0 0.5053333333333333 0.9248768472906403 0.248 0.03694581280788178
0 0.432 0.9248768472906403 0.032 0.009852216748768473
0 0.5266666666666666 0.9230295566502463 0.10933333333333334 0.013546798029556651
0 0.5 0.43596059113300495 1.0 0.8719211822660099
0 0.5 0.375 1.0 0.75
0 0.5 0.6416256157635468 1.0 0.4729064039408867
0 0.5 0.23706896551724138 1.0 0.47413793103448276
0 0.3333333333333333 0.6681034482758621 0.512 0.01847290640394089
0 0.20266666666666666 0.7007389162561576 0.25066666666666665 0.014778325123152709
1 0.8946666666666667 0.6853448275862069 0.050666666666666665 0.006157635467980296
2 0.8946666666666667 0.6853448275862069 0.050666666666666665 0.006157635467980296
2 0.8946666666666667 0.6853448275862069 0.050666666666666665 0.006157635467980296
0 0.5693333333333334 0.7401477832512315 0.7226666666666667 0.0024630541871921183
0 0.13333333333333333 0.7604679802955665 0.112 0.013546798029556651
0 0.8706666666666667 0.7697044334975369 0.11466666666666667 0.03201970443349754
0 0.2813333333333333 0.7401477832512315 0.41333333333333333 0.0024630541871921183
0 0.48533333333333334 0.7401477832512315 0.058666666666666666 0.027093596059113302
1 0.7173333333333334 0.833128078817734 0.07466666666666667 0.02586206896551724
2 0.7173333333333334 0.833128078817734 0.07466666666666667 0.02586206896551724
1 0.28 0.833128078817734 0.07466666666666667 0.02586206896551724
2 0.28 0.833128078817734 0.07466666666666667 0.02586206896551724
1 0.8693333333333333 0.8325123152709359 0.05333333333333334 0.029556650246305417
2 0.8693333333333333 0.8325123152709359 0.05333333333333334 0.029556650246305417
2 0.8693333333333333 0.8325123152709359 0.05333333333333334 0.029556650246305417
2 0.8693333333333333 0.8325123152709359 0.05333333333333334 0.029556650246305417
1 0.132 0.8325123152709359 0.050666666666666665 0.024630541871921183
2 0.132 0.8325123152709359 0.050666666666666665 0.024630541871921183
2 0.132 0.8325123152709359 0.050666666666666665 0.024630541871921183
2 0.132 0.8325123152709359 0.050666666666666665 0.024630541871921183
2 0.132 0.8325123152709359 0.050666666666666665 0.024630541871921183
1 0.49866666666666665 0.8325123152709359 0.18666666666666668 0.08620689655172414
0 0.49866666666666665 0.8325123152709359 0.037333333333333336 0.022167487684729065
0 0.49866666666666665 0.8325123152709359 0.037333333333333336 0.022167487684729065
1 0.128 0.08620689655172414 0.10666666666666667 0.04926108374384237
2 0.128 0.08620689655172414 0.10666666666666667 0.04926108374384237
2 0.128 0.08620689655172414 0.10666666666666667 0.04926108374384237
0 0.26266666666666666 0.07573891625615764 0.09333333333333334 0.01847290640394089
0 0.272 0.0960591133004926 0.12266666666666666 0.014778325123152709
0 0.17733333333333334 0.5609605911330049 0.3546666666666667 0.038177339901477834
0 0.16266666666666665 0.5689655172413793 0.13333333333333333 0.03201970443349754
0 0.5013333333333333 0.9858374384236454 0.35733333333333334 0.006157635467980296
1 0.11066666666666666 0.6163793103448276 0.072 0.0332512315270936
2 0.11066666666666666 0.6163793103448276 0.072 0.0332512315270936
0 0.5 0.6163793103448276 0.6426666666666667 0.01847290640394089
0 0.5 0.6163793103448276 0.6426666666666667 0.01847290640394089
0 0.5 0.6163793103448276 0.6426666666666667 0.01847290640394089
0 0.5 0.6163793103448276 0.6426666666666667 0.01847290640394089
0 0.5 0.6163793103448276 0.6426666666666667 0.01847290640394089
0 0.5 0.6163793103448276 0.6426666666666667 0.01847290640394089
0 0.5 0.6163793103448276 0.6426666666666667 0.01847290640394089
0 0.5 0.6163793103448276 0.6426666666666667 0.01847290640394089
0 0.5 0.6163793103448276 0.6426666666666667 0.01847290640394089
0 0.5 0.6163793103448276 0.6426666666666667 0.01847290640394089
0 0.5 0.6163793103448276 0.6426666666666667 0.01847290640394089
0 0.5 0.6163793103448276 0.6426666666666667 0.01847290640394089
0 0.5 0.6163793103448276 0.6426666666666667 0.01847290640394089
0 0.5 0.6163793103448276 0.6426666666666667 0.01847290640394089
0 0.5 0.6163793103448276 0.6426666666666667 0.01847290640394089
0 0.5 0.6163793103448276 0.6426666666666667 0.01847290640394089
0 0.5 0.6163793103448276 0.6426666666666667 0.01847290640394089
0 0.5 0.6163793103448276 0.6426666666666667 0.01847290640394089
0 0.5 0.6163793103448276 0.6426666666666667 0.01847290640394089
0 0.5 0.6163793103448276 0.6426666666666667 0.01847290640394089
0 0.5 0.6163793103448276 0.6426666666666667 0.01847290640394089
0 0.5 0.6163793103448276 0.6426666666666667 0.01847290640394089
0 0.5 0.6163793103448276 0.6426666666666667 0.01847290640394089
0 0.5 0.6163793103448276 0.6426666666666667 0.01847290640394089
0 0.5 0.6163793103448276 0.6426666666666667 0.01847290640394089
0 0.5 0.6163793103448276 0.6426666666666667 0.01847290640394089
0 0.5 0.6163793103448276 0.6426666666666667 0.01847290640394089
0 0.5 0.6163793103448276 0.6426666666666667 0.01847290640394089
0 0.5 0.6163793103448276 0.6426666666666667 0.01847290640394089
0 0.5 0.6163793103448276 0.6426666666666667 0.01847290640394089
0 0.5 0.6163793103448276 0.6426666666666667 0.01847290640394089
0 0.5 0.6163793103448276 0.6426666666666667 0.01847290640394089
0 0.5 0.6163793103448276 0.6426666666666667 0.01847290640394089
0 0.5 0.6163793103448276 0.6426666666666667 0.01847290640394089
0 0.5 0.6163793103448276 0.6426666666666667 0.01847290640394089
0 0.5 0.6163793103448276 0.6426666666666667 0.01847290640394089
0 0.5 0.6163793103448276 0.6426666666666667 0.01847290640394089
0 0.5 0.6163793103448276 0.6426666666666667 0.01847290640394089
0 0.5 0.6163793103448276 0.6426666666666667 0.01847290640394089
0 0.5 0.6163793103448276 0.6426666666666667 0.01847290640394089
0 0.5 0.6163793103448276 0.6426666666666667 0.01847290640394089
0 0.5 0.6163793103448276 0.6426666666666667 0.01847290640394089
0 0.5 0.6163793103448276 0.6426666666666667 0.01847290640394089
0 0.5 0.6163793103448276 0.6426666666666667 0.01847290640394089
0 0.5 0.6163793103448276 0.6426666666666667 0.01847290640394089
0 0.5 0.6163793103448276 0.6426666666666667 0.01847290640394089
0 0.5 0.6163793103448276 0.6426666666666667 0.01847290640394089
1 0.8893333333333333 0.6163793103448276 0.10933333333333334 0.050492610837438424
0 0.8906666666666667 0.6169950738916257 0.048 0.022167487684729065
0 0.8906666666666667 0.6169950738916257 0.048 0.022167487684729065
0 0.8906666666666667 0.6169950738916257 0.048 0.022167487684729065