0 0.5 0.09632683658170915 1.0 0.0007496251874062968
0 0.5 0.1570464767616192 1.0 0.3140929535232384
0 0.5 0.1570464767616192 1.0 0.3140929535232384
0 0.5 0.1570464767616192 1.0 0.3140929535232384
0 0.504 0.06296851574212893 0.17866666666666667 0.0239880059970015
0 0.046 0.056596701649175414 0.025333333333333333 0.01424287856071964
0 0.046 0.06934032983508245 0.025333333333333333 0.01424287856071964
0 0.15733333333333333 0.202023988005997 0.25066666666666665 0.17616191904047976
0 0.15733333333333333 0.202023988005997 0.25066666666666665 0.17616191904047976
0 0.6373333333333333 0.14805097451274363 0.6426666666666667 0.05322338830584707
0 0.36666666666666664 0.20764617691154422 0.096 0.026986506746626688
0 0.36666666666666664 0.20764617691154422 0.07733333333333334 0.014992503748125937
0 0.5 0.011244377811094454 0.968 0.01649175412293853
0 0.388 0.2762368815592204 0.144 0.023238380809595203
0 0.5 0.545727136431784 1.0 0.16041979010494753
0 0.166 0.5633433283358321 0.13733333333333334 0.018740629685157422
0 0.29 0.5940779610194903 0.38533333333333336 0.018740629685157422
0 0.2826666666666667 0.4985007496251874 0.368 0.014992503748125937
0 0.5166666666666667 0.5318590704647677 0.9666666666666667 0.0007496251874062968
0 0.05466666666666667 0.5772113943028486 0.037333333333333336 0.025487256371814093
0 0.05466666666666667 0.5772113943028486 0.037333333333333336 0.025487256371814093
1 0.05466666666666667 0.5749625187406296 0.018666666666666668 0.010494752623688156
2 0.05466666666666667 0.5775862068965517 0.037333333333333336 0.024737631184407798
0 0.059333333333333335 0.49775112443778113 0.009333333333333334 0.005997001499250375
0 0.059333333333333335 0.49775112443778113 0.009333333333333334 0.005997001499250375
1 0.056 0.5 0.04 0.022488755622188907
0 0.5 0.8073463268365817 1.0 0.3448275862068966
0 0.49933333333333335 0.9449025487256372 0.13466666666666666 0.018740629685157422
0 0.09933333333333333 0.6697901049475262 0.13466666666666666 0.018740629685157422
0 0.5 0.7027736131934033 0.936 0.0007496251874062968
0 0.5 0.9119190404797601 1.0 0.0007496251874062968
0 0.49666666666666665 0.8069715142428786 0.924 0.16266866566716642
0 0.5 0.9632683658170914 1.0 0.07196401799100449
0 0.5013333333333333 0.9613943028485757 0.15733333333333333 0.021739130434782608
0 0.5 0.43103448275862066 1.0 0.06896551724137931
0 0.37933333333333336 0.43140929535232386 0.524 0.017241379310344827
0 0.068 0.43103448275862066 0.06933333333333333 0.022488755622188907
0 0.068 0.4306596701649175 0.05333333333333334 0.01424287856071964
0 0.9206666666666666 0.4306596701649175 0.052 0.01424287856071964
0 0.9686666666666667 0.43103448275862066 0.009333333333333334 0.008995502248875561
0 0.5 0.356071964017991 1.0 0.08395802098950525
0 0.056 0.34557721139430286 0.04 0.022488755622188907
0 0.056 0.34332833583208394 0.0026666666666666666 0.008995502248875561
0 0.056 0.35157421289355323 0.005333333333333333 0.0029985007496251873
0 0.5313333333333333 0.356071964017991 0.868 0.038980509745127435
0 0.5013333333333333 0.39655172413793105 0.9386666666666666 0.0014992503748125937