0 0.5 0.6059544658493871 1.0 0.2230005837711617
0 0.5 0.6138353765323993 0.936 0.0005837711617046118
0 0.052 0.6923525977816696 0.04 0.017513134851138354
0 0.95 0.6923525977816696 0.030666666666666665 0.0070052539404553416
0 0.31133333333333335 0.6926444833625219 0.452 0.013426736719206071
0 0.09 0.5875656742556917 0.11333333333333333 0.016929363689433742
0 0.2786666666666667 0.5872737886748395 0.11733333333333333 0.01634559252772913
0 0.5686666666666667 0.6406888499708114 0.6893333333333334 0.016929363689433742
0 0.092 0.6406888499708114 0.11733333333333333 0.016929363689433742
0 0.5 0.666958552247519 0.936 0.0005837711617046118
0 0.256 0.5347343841214244 0.448 0.040863981319322826
0 0.256 0.5350262697022767 0.10933333333333334 0.014594279042615295
0 0.744 0.5347343841214244 0.448 0.040863981319322826
0 0.7446666666666667 0.5344424985405721 0.108 0.01576182136602452
0 0.49933333333333335 0.23000583771161703 0.9986666666666667 0.12259194395796848
0 0.5 0.3155283129013427 1.0 0.04845300642148278
0 0.5 0.14535901926444833 1.0 0.046701692936368944
0 0.31933333333333336 0.3155283129013427 0.4653333333333333 0.014594279042615295
0 0.056666666666666664 0.31465265615878574 0.009333333333333334 0.004670169293636894
0 0.056666666666666664 0.31465265615878574 0.009333333333333334 0.004670169293636894
0 0.052 0.315820198482195 0.04 0.017513134851138354
0 0.09733333333333333 0.23029772329246936 0.13333333333333333 0.07647402218330414
0 0.09733333333333333 0.23029772329246936 0.13333333333333333 0.07647402218330414
0 0.5733333333333334 0.21891418563922943 0.7626666666666667 0.040863981319322826
0 0.25466666666666665 0.25948628137769997 0.128 0.013426736719206071
0 0.5 0.037361354349095155 1.0 0.07472270869819031
0 0.504 0.012259194395796848 0.968 0.011675423234092236
0 0.5066666666666667 0.04903677758318739 0.17866666666666667 0.018680677174547577
0 0.5 0.07501459427904261 1.0 0.0005837711617046118
0 0.10666666666666667 0.14798598949211908 0.14666666666666667 0.01576182136602452
0 0.5 0.4711033274956217 1.0 0.046701692936368944
0 0.10666666666666667 0.47402218330414475 0.14666666666666667 0.015178050204319907
0 0.5 0.8476357267950964 1.0 0.16695855224751896
0 0.20333333333333334 0.7959719789842382 0.116 0.016929363689433742
0 0.32 0.8161120840630472 0.34933333333333333 0.014010507880910683
0 0.224 0.8887915936952715 0.15733333333333333 0.016929363689433742
0 0.08 0.8041447752481028 0.06666666666666667 0.0297723292469352
0 0.082 0.890251021599533 0.07333333333333333 0.028021015761821366
0 0.5 0.7408056042031523 1.0 0.046701692936368944
0 0.10666666666666667 0.7434325744308231 0.14666666666666667 0.01576182136602452
0 0.9466666666666667 0.804436660828955 0.042666666666666665 0.018680677174547577
0 0.5 0.8467600700525394 0.936 0.0005837711617046118
0 0.9466666666666667 0.8908347927612376 0.042666666666666665 0.018680677174547577
0 0.058666666666666666 0.04903677758318739 0.02666666666666667 0.021015761821366025
0 0.5 0.36719206071220084 1.0 0.053706946876824285
0 0.8973333333333333 0.36777583187390545 0.13866666666666666 0.01634559252772913
0 0.206 0.36748394629305314 0.3453333333333333 0.01576182136602452
0 0.5 0.4208990075890251 1.0 0.053706946876824285
0 0.898 0.4214827787507297 0.13733333333333334 0.01634559252772913
0 0.5 0.39375364856976064 0.936 0.0005837711617046118
0 0.19933333333333333 0.4211908931698774 0.332 0.01576182136602452
0 0.5 0.09865732632807939 1.0 0.046701692936368944
0 0.20533333333333334 0.0989492119089317 0.344 0.014594279042615295
0 0.5 0.971395213076474 1.0 0.057209573847051956
0 0.9173333333333333 0.0989492119089317 0.10133333333333333 0.023934617629889084
0 0.8933333333333333 0.10099241097489783 0.058666666666666666 0.02568593111500292