0 0.5 0.04872563718140929 1.0 0.09745127436281859
0 0.9306666666666666 0.06371814092953523 0.058666666666666666 0.033483258370814596
0 0.9302222222222222 0.07071464267866066 0.006222222222222222 0.0034982508745627187
0 0.9306666666666666 0.06171914042978511 0.017777777777777778 0.01249375312343828
0 0.9306666666666666 0.06371814092953523 0.05688888888888889 0.031484257871064465
0 0.9306666666666666 0.06371814092953523 0.05688888888888889 0.031484257871064465
0 0.9346666666666666 0.06371814092953523 0.06666666666666667 0.031484257871064465
0 0.05733333333333333 0.06621689155422289 0.024 0.02448775612193903
0 0.05733333333333333 0.06621689155422289 0.024 0.02448775612193903
0 0.5 0.012743628185907047 1.0 0.025487256371814093
0 0.14666666666666667 0.14342828585707146 0.005333333333333333 0.030984507746126936
0 0.5022222222222222 0.47426286856571714 0.005333333333333333 0.030984507746126936
0 0.8688888888888889 0.1926536731634183 0.056 0.0034982508745627187
0 0.8311111111111111 0.24587706146926536 0.032 0.02798600699650175
0 0.5 0.5 1.0 1.0
0 0.022222222222222223 0.02148925537231384 0.016 0.008995502248875561
0 0.04088888888888889 0.02148925537231384 0.016 0.008995502248875561
0 0.059555555555555556 0.02148925537231384 0.016 0.008995502248875561
0 0.07822222222222222 0.02148925537231384 0.016 0.008995502248875561
0 0.07822222222222222 0.02148925537231384 0.016 0.008995502248875561
0 0.09688888888888889 0.02148925537231384 0.016 0.008995502248875561
0 0.09688888888888889 0.02148925537231384 0.016 0.008995502248875561
0 0.13333333333333333 0.02123938030984508 0.032 0.014492753623188406
0 0.13333333333333333 0.02123938030984508 0.032 0.014492753623188406
0 0.13333333333333333 0.02123938030984508 0.032 0.014492753623188406
0 0.5 0.02148925537231384 0.10755555555555556 0.012993503248375811
0 0.9506666666666667 0.02148925537231384 0.06133333333333333 0.014992503748125937
0 0.9506666666666667 0.02148925537231384 0.06133333333333333 0.014992503748125937
0 0.9546666666666667 0.02148925537231384 0.064 0.01199400299850075
0 0.9546666666666667 0.02148925537231384 0.064 0.01199400299850075
0 0.8822222222222222 0.022988505747126436 0.06488888888888888 0.013993003498250875
0 0.8217777777777778 0.02123938030984508 0.022222222222222223 0.02148925537231384
0 0.8217777777777778 0.02123938030984508 0.022222222222222223 0.02148925537231384
0 0.8217777777777778 0.02123938030984508 0.022222222222222223 0.02148925537231384
0 0.8266666666666667 0.06521739130434782 0.060444444444444446 0.02848575712143928
0 0.8266666666666667 0.06521739130434782 0.060444444444444446 0.02848575712143928
0 0.8266666666666667 0.06521739130434782 0.060444444444444446 0.02848575712143928
0 0.8266666666666667 0.06521739130434782 0.060444444444444446 0.02848575712143928
0 0.9448888888888889 0.06646676661669165 0.058666666666666666 0.03298350824587706
0 0.9337777777777778 0.06621689155422289 0.050666666666666665 0.02848575712143928
0 0.9337777777777778 0.06621689155422289 0.050666666666666665 0.02848575712143928
0 0.8506666666666667 0.06671664167916042 0.049777777777777775 0.02848575712143928
0 0.8737777777777778 0.06421789105447276 0.016 0.0024987506246876563
0 0.876 0.068215892053973 0.011555555555555555 0.0024987506246876563
0 0.8782222222222222 0.0727136431784108 0.0071111111111111115 0.0024987506246876563
0 0.5728888888888889 0.5552223888055972 1.1457777777777778 1.1104447776111943
0 0.5 0.8843078460769616 1.0 0.22438780609695153