0 0.052 0.5014992503748126 0.04 0.02448775612193903
0 0.052 0.5014992503748126 0.04 0.02448775612193903
0 0.052 0.5014992503748126 0.04 0.02448775612193903
0 0.052 0.5014992503748126 0.04 0.02448775612193903
0 0.052 0.5014992503748126 0.04 0.02448775612193903
0 0.556 0.5012493753123438 0.04533333333333334 0.02498750624687656
0 0.556 0.5012493753123438 0.04533333333333334 0.02498750624687656
0 0.556 0.5012493753123438 0.04533333333333334 0.02498750624687656
0 0.556 0.5012493753123438 0.04533333333333334 0.02498750624687656
0 0.896 0.656671664167916 0.014222222222222223 0.005997001499250375
0 0.8808888888888889 0.65992003998001 0.064 0.02048975512243878
0 0.888 0.6739130434782609 0.042666666666666665 0.022488755622188907
0 0.896 0.6596701649175413 0.014222222222222223 0.010994502748625687
0 0.8657777777777778 0.6591704147926037 0.014222222222222223 0.009995002498750625
0 0.8964444444444445 0.6569215392303848 0.015111111111111112 0.006496751624187906
0 0.8813333333333333 0.6594202898550725 0.0026666666666666666 0.010494752623688156
0 0.8635555555555555 0.658920539730135 0.009777777777777778 0.0014992503748125937
0 0.6333333333333333 0.665167416291854 0.06488888888888888 0.02498750624687656
0 0.6333333333333333 0.665167416291854 0.06488888888888888 0.02498750624687656
0 0.6333333333333333 0.665167416291854 0.06488888888888888 0.02498750624687656
0 0.6333333333333333 0.665167416291854 0.06488888888888888 0.02498750624687656
0 0.6186666666666667 0.6699150424787607 0.024888888888888887 0.009495252373813094
0 0.6186666666666667 0.6699150424787607 0.024888888888888887 0.009495252373813094
0 0.6186666666666667 0.6699150424787607 0.024888888888888887 0.009495252373813094
0 0.6493333333333333 0.6676661669165417 0.016888888888888887 0.001999000499750125
0 0.6466666666666666 0.670664667666167 0.011555555555555555 0.001999000499750125
0 0.6262222222222222 0.6496751624187906 0.025777777777777778 0.00399800099950025
0 0.672 0.6654172913543228 0.008888888888888889 0.017491254372813594
0 0.3897777777777778 0.6401799100449775 0.009777777777777778 0.004997501249375313
0 0.3897777777777778 0.6401799100449775 0.009777777777777778 0.004997501249375313
0 0.40355555555555556 0.6401799100449775 0.008888888888888889 0.004997501249375313
0 0.40355555555555556 0.6401799100449775 0.008888888888888889 0.004997501249375313
0 0.39644444444444443 0.65992003998001 0.049777777777777775 0.03248375812093953
0 0.39644444444444443 0.65992003998001 0.049777777777777775 0.03248375812093953
0 0.3857777777777778 0.6699150424787607 0.012444444444444444 0.006496751624187906
0 0.3857777777777778 0.6699150424787607 0.012444444444444444 0.006496751624187906
0 0.40755555555555556 0.6699150424787607 0.011555555555555555 0.006496751624187906
0 0.40755555555555556 0.6699150424787607 0.011555555555555555 0.006496751624187906
0 0.39644444444444443 0.6584207896051975 0.03911111111111111 0.011494252873563218
0 0.39644444444444443 0.6584207896051975 0.03911111111111111 0.011494252873563218
0 0.39644444444444443 0.6491754122938531 0.02311111111111111 0.004997501249375313
0 0.39644444444444443 0.6491754122938531 0.02311111111111111 0.004997501249375313
0 0.39644444444444443 0.6819090454772614 0.04622222222222222 0.009495252373813094
0 0.39644444444444443 0.6819090454772614 0.04622222222222222 0.009495252373813094
0 0.10977777777777778 0.7783608195902049 0.03822222222222222 0.02148925537231384
0 0.15466666666666667 0.7783608195902049 0.03911111111111111 0.02148925537231384
0 0.132 0.8040979510244878 0.027555555555555555 0.005997001499250375
0 0.1111111111111111 0.7981009495252374 0.0071111111111111115 0.00399800099950025
0 0.15288888888888888 0.7981009495252374 0.0071111111111111115 0.00399800099950025
0 0.13866666666666666 0.792103948025987 0.010666666666666666 0.005997001499250375
0 0.12533333333333332 0.792103948025987 0.010666666666666666 0.005997001499250375
0 0.132 0.7971014492753623 0.06311111111111112 0.01999000499750125
0 0.132 0.7821089455272364 0.013333333333333334 0.001999000499750125
0 0.10933333333333334 0.7738630684657671 0.0035555555555555557 0.0034982508745627187
0 0.15466666666666667 0.7738630684657671 0.0035555555555555557 0.0034982508745627187
0 0.148 0.7806096951524237 0.006222222222222222 0.0029985007496251873
0 0.16133333333333333 0.7806096951524237 0.006222222222222222 0.0029985007496251873
0 0.10266666666666667 0.7806096951524237 0.006222222222222222 0.0029985007496251873
0 0.116 0.7806096951524237 0.006222222222222222 0.0029985007496251873
0 0.124 0.6601699150424788 0.056 0.0399800099950025
0 0.12444444444444444 0.6584207896051975 0.042666666666666665 0.02948525737131434
0 0.16044444444444445 0.670664667666167 0.024 0.025987006496751622
0 0.14755555555555555 0.6741629185407296 0.017777777777777778 0.01899050474762619
0 0.12266666666666666 0.6756621689155422 0.010666666666666666 0.001999000499750125
0 0.11288888888888889 0.6756621689155422 0.0035555555555555557 0.001999000499750125
0 0.132 0.6756621689155422 0.0044444444444444444 0.001999000499750125
0 0.124 0.6646676661669165 0.024 0.001999000499750125
0 0.124 0.6611694152923538 0.024 0.001999000499750125
0 0.124 0.6571714142928535 0.024 0.001999000499750125
0 0.124 0.6536731634182908 0.024 0.001999000499750125
0 0.11911111111111111 0.6501749125437282 0.014222222222222223 0.001999000499750125
0 0.39511111111111114 0.7871064467766117 0.057777777777777775 0.041979010494752625
0 0.39511111111111114 0.784607696151924 0.025777777777777778 0.00399800099950025
0 0.39511111111111114 0.784607696151924 0.025777777777777778 0.00399800099950025
0 0.39511111111111114 0.7866066966516742 0.08088888888888889 0.015992003998001
0 0.39511111111111114 0.7866066966516742 0.08088888888888889 0.015992003998001
0 0.39511111111111114 0.7946026986506747 0.024 0.005997001499250375
0 0.3933333333333333 0.7763618190904548 0.05422222222222222 0.009495252373813094
0 0.8 0.5 0.11733333333333333 0.027486256871564217
0 0.8 0.4985007496251874 0.08 0.018490754622688656
0 0.6226666666666667 0.6626686656671664 0.059555555555555556 0.03798100949525238
0 0.12 1.0614692653673163 0.10666666666666667 0.017991004497751123
0 0.6226666666666667 1.0614692653673163 0.10755555555555556 0.017991004497751123
0 0.5 1.2466266866566718 0.1608888888888889 0.027486256871564217
0 0.5 1.215392303848076 0.9075555555555556 0.0009995002498750624
0 0.05333333333333334 1.0157421289355322 0.04088888888888889 0.02148925537231384
0 0.05333333333333334 1.0157421289355322 0.04088888888888889 0.02148925537231384
0 0.05333333333333334 1.0157421289355322 0.04088888888888889 0.02148925537231384
0 0.05333333333333334 1.0157421289355322 0.04088888888888889 0.02148925537231384
0 0.5 1.208895552223888 0.9075555555555556 0.0009995002498750624
0 0.2568888888888889 1.143928035982009 0.46044444444444443 0.1729135432283858
0 0.3 1.143928035982009 0.6 0.19990004997501248
0 0.2568888888888889 1.143928035982009 0.46044444444444443 0.1729135432283858
0 0.744 1.143928035982009 0.46044444444444443 0.1729135432283858
0 0.7084444444444444 1.134432783608196 0.6844444444444444 0.22588705647176413
0 0.7146666666666667 1.1431784107946028 0.5475555555555556 0.1724137931034483
0 0.744 1.143928035982009 0.46044444444444443 0.1729135432283858
0 0.252 1.1259370314842578 0.5022222222222222 0.14992503748125938
0 0.2568888888888889 1.1371814092953523 0.46044444444444443 0.1724137931034483
0 0.7431111111111111 1.1371814092953523 0.46044444444444443 0.1724137931034483
0 0.5004444444444445 0.41454272863568215 0.0017777777777777779 0.11244377811094453
0 0.5 0.3588205897051474 1.0 0.0009995002498750624
0 0.5075555555555555 0.3473263368315842 0.8657777777777778 0.0009995002498750624
0 0.8533333333333334 0.2698650674662669 1.7066666666666668 0.5397301349325337
0 0.8533333333333334 1.173913043478261 1.7066666666666668 0.5397301349325337
0 0.8533333333333334 2.130434782608696 1.7066666666666668 0.5397301349325337
0 0.8533333333333334 3.323088455772114 1.7066666666666668 0.5402298850574713
0 0.8533333333333334 0.7466266866566716 1.7066666666666668 0.5397301349325337
0 0.8533333333333334 1.6506746626686657 1.7066666666666668 0.5397301349325337
0 0.8533333333333334 2.6071964017991003 1.7066666666666668 0.5397301349325337
0 0.8533333333333334 3.7998500749625186 1.7066666666666668 0.5402298850574713
0 0.18977777777777777 0.31709145427286356 0.3031111111111111 0.16941529235382308
0 0.13333333333333333 0.4657671164417791 0.19555555555555557 0.1089455272363818
0 0.1902222222222222 0.3008495752123938 0.18488888888888888 0.01999000499750125
0 0.18977777777777777 0.33483258370814595 0.15555555555555556 0.01699150424787606
0 0.1328888888888889 0.4662668665667166 0.15555555555555556 0.01699150424787606
0 0.10844444444444444 0.26036981509245377 0.07644444444444444 0.04297851074462768
0 0.17466666666666666 0.4332833583208396 0.056 0.031984007996002
0 0.10888888888888888 0.25912043978010996 0.020444444444444446 0.017491254372813594
0 0.17466666666666666 0.43228385807096453 0.022222222222222223 0.017991004497751123
0 0.568 0.46551724137931033 0.6542222222222223 0.09345327336331834
0 0.37333333333333335 0.4527736131934033 0.2222222222222222 0.01999000499750125
0 0.54 0.48075962018990503 0.5537777777777778 0.017991004497751123
0 0.5 0.49975012493753124 1.0 0.9995002498750625
0 0.18888888888888888 0.31709145427286356 0.3031111111111111 0.16941529235382308
0 0.18933333333333333 0.31709145427286356 0.304 0.1714142928535732
0 0.18933333333333333 0.31709145427286356 0.304 0.1714142928535732
0 0.18666666666666668 0.31984007996002 0.2702222222222222 0.08695652173913043
0 0.1902222222222222 0.3218390804597701 0.3431111111111111 0.1729135432283858
0 0.568 0.46701649175412296 0.6542222222222223 0.09345327336331834
0 0.49066666666666664 0.1401799100449775 0.9226666666666666 0.09345327336331834
0 0.13333333333333333 0.4657671164417791 0.19555555555555557 0.1089455272363818
0 0.13333333333333333 0.46776611694152925 0.19555555555555557 0.11294352823588207
0 0.13333333333333333 0.46776611694152925 0.19555555555555557 0.11294352823588207
0 0.1328888888888889 0.4682658670664668 0.15911111111111112 0.050974512743628186
0 0.13377777777777777 0.47101449275362317 0.21955555555555556 0.11344327836081959
0 0.3937777777777778 0.12293853073463268 0.72 0.020989505247376312
0 0.33466666666666667 0.44677661169415295 0.13777777777777778 0.01999000499750125
0 0.568 0.4802598700649675 0.6044444444444445 0.01699150424787606