0 0.04888888888888889 0.05115712545676005 0.032 0.024360535931790498
0 0.4106666666666667 0.9155501421031262 0.5671111111111111 0.16889971579374746
0 0.9502222222222222 0.012383272431993504 0.060444444444444446 0.011774259033698742
0 0.9342222222222222 0.012383272431993504 0.02311111111111111 0.00933820544051969
0 0.9835555555555555 0.012383272431993504 0.0044444444444444444 0.004466098254161592
0 0.8706666666666667 0.012383272431993504 0.056 0.010150223304912708
0 0.13466666666666666 0.011571254567600487 0.03288888888888889 0.010962241169305725
0 0.13466666666666666 0.011571254567600487 0.03288888888888889 0.010962241169305725
0 0.13466666666666666 0.011571254567600487 0.03288888888888889 0.010962241169305725
0 0.024444444444444446 0.011977263499796996 0.015111111111111112 0.006902151847340642
0 0.043111111111111114 0.011977263499796996 0.015111111111111112 0.006902151847340642
0 0.06177777777777778 0.011977263499796996 0.015111111111111112 0.006902151847340642
0 0.08044444444444444 0.011977263499796996 0.015111111111111112 0.006902151847340642
0 0.09911111111111111 0.011977263499796996 0.015111111111111112 0.006902151847340642
0 0.49866666666666665 0.013398294762484775 0.11733333333333333 0.013804303694681283
0 0.04888888888888889 0.05115712545676005 0.032 0.024360535931790498
0 0.4746666666666667 0.4815265935850589 0.6364444444444445 0.024360535931790498
0 0.48577777777777775 0.3995127892813642 0.22844444444444445 0.013804303694681283
0 0.4746666666666667 0.31201786439301665 0.10488888888888889 0.03126268777913114
0 0.5204444444444445 0.33231831100284204 0.025777777777777778 0.011774259033698742
0 0.4457777777777778 0.33231831100284204 0.025777777777777778 0.011774259033698742
0 0.5577777777777778 0.3696711327649208 0.057777777777777775 0.018270401948842874
0 0.48444444444444446 0.37738530247665447 0.11911111111111111 0.04344295574502639
0 0.48533333333333334 0.3989037758830694 0.11911111111111111 0.013398294762484775
0 0.48533333333333334 0.3989037758830694 0.11911111111111111 0.013398294762484775
0 0.6342222222222222 0.3499796995533902 0.09688888888888889 0.05034510759236703
0 0.6342222222222222 0.3497766950872919 0.09688888888888889 0.049939098660170524
0 0.3595555555555556 0.315468940316687 0.08444444444444445 0.02679658952496955
0 0.33644444444444443 0.3152659358505887 0.009777777777777778 0.004466098254161592
0 0.3595555555555556 0.3152659358505887 0.009777777777777778 0.004466098254161592
0 0.3808888888888889 0.3152659358505887 0.009777777777777778 0.004466098254161592
0 0.41644444444444445 0.34084449857896876 0.009777777777777778 0.004466098254161592
0 0.39466666666666667 0.33414535119772637 0.010666666666666666 0.005684125050751117
0 0.48533333333333334 0.35464880227365003 0.02666666666666667 0.014210312626877792
0 0.48355555555555557 0.3325213154689403 0.07644444444444444 0.035728786033292735
0 0.45066666666666666 0.341047503045067 0.064 0.04303694681282988
0 0.42 0.3706861550954121 0.050666666666666665 0.030044660982541615
0 0.9306666666666666 0.05176613885505481 0.058666666666666666 0.027202598457166056
0 0.9306666666666666 0.05176613885505481 0.05688888888888889 0.025578562728380026
0 0.9346666666666666 0.05176613885505481 0.06666666666666667 0.025578562728380026
1 0.05733333333333333 0.053796183516037356 0.024 0.01989443767762891
2 0.05733333333333333 0.053796183516037356 0.024 0.01989443767762891
0 0.5 0.010353227771010963 1.0 0.020706455542021926
0 0.5022222222222222 0.0535931790499391 0.15644444444444444 0.022736500203004467