1 0.5 0.5 1.0 1.0
2 0.49777777777777776 0.8808363784003248 0.9955555555555555 0.23589118960617134
0 0.49422222222222223 0.7358911896061713 0.8355555555555556 0.08972797401542834
0 0.49422222222222223 0.7358911896061713 0.8355555555555556 0.08972797401542834
0 0.49422222222222223 0.7298010556232237 0.8355555555555556 0.08972797401542834
0 0.49422222222222223 0.7237109216402761 0.8355555555555556 0.08972797401542834
0 0.5253333333333333 0.6802679658952497 1.1982222222222223 0.4924888347543646
0 0.49777777777777776 0.7231019082419813 0.9973333333333333 0.40682095006090135
0 0.43022222222222223 0.6234267153877385 0.8462222222222222 0.23751522533495736
0 0.5053333333333333 0.6327649208282582 0.808 0.1806739748274462
0 0.3675555555555556 0.6327649208282582 0.23377777777777778 0.11977263499796996
0 0.6191111111111111 0.6327649208282582 0.23377777777777778 0.11977263499796996
0 0.6351111111111111 0.6345919610231425 0.09333333333333334 0.055217214778725134
0 0.3542222222222222 0.6345919610231425 0.09333333333333334 0.055217214778725134
0 0.5151111111111111 0.6477872513195291 1.0888888888888888 0.4981729598051157
0 0.4533333333333333 0.37880633373934225 0.9155555555555556 0.1550954120990662
0 0.5004444444444445 0.2519285424279334 0.18133333333333335 0.020706455542021926
0 0.49955555555555553 0.31364190012180265 0.6097777777777778 0.04831506293138449
0 0.48844444444444446 0.7935444579780755 0.35288888888888886 0.01908241981323589
0 0.488 0.0513601299228583 0.9226666666666666 0.07023954526999594
0 0.5004444444444445 0.11388550548112059 0.16355555555555557 0.07917174177831912
0 0.5004444444444445 0.11388550548112059 0.16355555555555557 0.07917174177831912
0 0.5 0.11144945188794153 0.152 0.06942752740560293
0 0.5 0.11144945188794153 0.152 0.06942752740560293
0 0.5004444444444445 0.17742590336987413 0.6737777777777778 0.03816483962647178
0 0.5386666666666666 0.17661388550548113 0.5386666666666666 0.0194884287454324
0 0.22666666666666666 0.17742590336987413 0.058666666666666666 0.016240357287860333
0 0.22666666666666666 0.17742590336987413 0.058666666666666666 0.016240357287860333
0 0.22666666666666666 0.17742590336987413 0.058666666666666666 0.016240357287860333
0 0.22666666666666666 0.17742590336987413 0.058666666666666666 0.016240357287860333
0 0.22666666666666666 0.17742590336987413 0.058666666666666666 0.016240357287860333
0 0.22666666666666666 0.17742590336987413 0.058666666666666666 0.016240357287860333
0 0.22666666666666666 0.17742590336987413 0.058666666666666666 0.016240357287860333
0 0.22666666666666666 0.17742590336987413 0.058666666666666666 0.016240357287860333
0 0.22666666666666666 0.17742590336987413 0.058666666666666666 0.016240357287860333
0 0.22666666666666666 0.17742590336987413 0.058666666666666666 0.016240357287860333
0 0.22666666666666666 0.17742590336987413 0.058666666666666666 0.016240357287860333
0 0.22666666666666666 0.17742590336987413 0.058666666666666666 0.016240357287860333
0 0.22666666666666666 0.17742590336987413 0.058666666666666666 0.016240357287860333
0 0.22666666666666666 0.17661388550548113 0.058666666666666666 0.016240357287860333
0 0.22666666666666666 0.17661388550548113 0.058666666666666666 0.016240357287860333
0 0.22666666666666666 0.17661388550548113 0.058666666666666666 0.016240357287860333
0 0.22666666666666666 0.17661388550548113 0.058666666666666666 0.016240357287860333
0 0.22666666666666666 0.17661388550548113 0.058666666666666666 0.016240357287860333
0 0.22666666666666666 0.17661388550548113 0.058666666666666666 0.016240357287860333
0 0.22666666666666666 0.17661388550548113 0.058666666666666666 0.016240357287860333
0 0.22666666666666666 0.17661388550548113 0.058666666666666666 0.016240357287860333
0 0.22666666666666666 0.17661388550548113 0.058666666666666666 0.016240357287860333
0 0.22666666666666666 0.17661388550548113 0.058666666666666666 0.016240357287860333
0 0.22666666666666666 0.17661388550548113 0.058666666666666666 0.016240357287860333
0 0.22666666666666666 0.17661388550548113 0.058666666666666666 0.016240357287860333
0 0.22666666666666666 0.17661388550548113 0.058666666666666666 0.016240357287860333
0 0.22666666666666666 0.17681688997157938 0.04622222222222222 0.011774259033698742
0 0.2262222222222222 0.17661388550548113 0.020444444444444446 0.008932196508323184
0 0.5 0.4108810393828664 0.8257777777777778 0.07876573284612262
0 0.35333333333333333 0.586276898091758 0.10044444444444445 0.015428339423467316
0 0.3511111111111111 0.6806739748274462 0.208 0.012586276898091758
0 0.6324444444444445 0.6806739748274462 0.168 0.012586276898091758
0 0.6395555555555555 0.586276898091758 0.12177777777777778 0.015428339423467316