0 0.5 0.5 1.0 1.0
0 0.5 0.3713054187192118 1.0 0.7426108374384236
0 0.5 0.3713054187192118 1.0 0.7426108374384236
0 0.5 0.5591133004926109 1.0 0.4039408866995074
0 0.5 0.1311576354679803 1.0 0.2623152709359606
0 0.192 0.5584975369458128 0.23466666666666666 0.01847290640394089
0 0.16533333333333333 0.5911330049261084 0.176 0.014778325123152709
0 0.472 0.6779556650246306 0.7946666666666666 0.1022167487684729
1 0.128 0.08620689655172414 0.10666666666666667 0.04926108374384237
2 0.128 0.08620689655172414 0.10666666666666667 0.04926108374384237
2 0.128 0.08620689655172414 0.10666666666666667 0.04926108374384237
0 0.26266666666666666 0.07573891625615764 0.09333333333333334 0.01847290640394089
0 0.272 0.0960591133004926 0.12266666666666666 0.014778325123152709
0 0.5013333333333333 0.9858374384236454 0.35733333333333334 0.006157635467980296
0 0.096 0.8091133004926109 0.048 0.022167487684729065
0 0.096 0.8091133004926109 0.048 0.022167487684729065
0 0.096 0.8091133004926109 0.048 0.022167487684729065
0 0.256 0.8091133004926109 0.192 0.017241379310344827
0 0.6506666666666666 0.8078817733990148 0.2773333333333333 0.014778325123152709
1 0.448 0.8066502463054187 0.048 0.022167487684729065
2 0.448 0.8066502463054187 0.048 0.022167487684729065
2 0.448 0.8066502463054187 0.048 0.022167487684729065
0 0.38133333333333336 0.9211822660098522 0.06933333333333333 0.03201970443349754
0 0.38133333333333336 0.9211822660098522 0.06933333333333333 0.03201970443349754
0 0.38133333333333336 0.9211822660098522 0.06933333333333333 0.03201970443349754
0 0.15466666666666667 0.9211822660098522 0.06933333333333333 0.03201970443349754
0 0.15466666666666667 0.9211822660098522 0.06933333333333333 0.03201970443349754
0 0.15466666666666667 0.9211822660098522 0.06933333333333333 0.03201970443349754
0 0.15466666666666667 0.9211822660098522 0.06933333333333333 0.03201970443349754
0 0.624 0.9211822660098522 0.06933333333333333 0.03201970443349754
0 0.624 0.9211822660098522 0.06933333333333333 0.03201970443349754
0 0.624 0.9211822660098522 0.06933333333333333 0.03201970443349754
0 0.8586666666666667 0.9211822660098522 0.064 0.03201970443349754
0 0.8586666666666667 0.9211822660098522 0.064 0.03201970443349754