0 0.5 0.5 1.0 1.0
0 0.2119140625 0.568359375 0.16796875 0.13671875
0 0.1689453125 0.16927083333333334 0.16796875 0.13541666666666666
0 0.06201171875 0.423828125 0.1240234375 0.10286458333333333
0 0.955078125 0.6282552083333334 0.08984375 0.07421875
0 0.84765625 0.15299479166666666 0.16796875 0.13671875
0 0.8447265625 0.353515625 0.16796875 0.13671875
0 0.0908203125 0.59765625 0.017578125 0.0234375
0 0.2548828125 0.41015625 0.017578125 0.0234375
0 0.064453125 0.3333333333333333 0.017578125 0.0234375
0 0.12890625 0.12109375 0.017578125 0.0234375
0 0.78466796875 0.3587239583333333 0.0302734375 0.040364583333333336
0 0.931640625 0.12890625 0.017578125 0.0234375
0 0.9130859375 0.61328125 0.017578125 0.0234375
0 0.96875 0.3932291666666667 0.017578125 0.0234375
0 0.5 0.3990885416666667 0.634765625 0.4752604166666667
0 0.5 0.55859375 0.634765625 0.15625
0 0.32275390625 0.6002604166666666 0.0419921875 0.018229166666666668
0 0.26220703125 0.6002604166666666 0.0419921875 0.018229166666666668
0 0.29296875 0.5989583333333334 0.001953125 0.015625
0 0.7099609375 0.6041666666666666 0.017578125 0.026041666666666668
0 0.77587890625 0.603515625 0.0478515625 0.01953125
0 0.5 0.5559895833333334 0.603515625 0.005208333333333333
0 0.33056640625 0.5559895833333334 0.2646484375 0.005208333333333333
0 0.2998046875 0.5559895833333334 0.203125 0.005208333333333333
0 0.2080078125 0.5559895833333334 0.01171875 0.015625
0 0.20556640625 0.6002604166666666 0.0068359375 0.03125
0 0.22216796875 0.6002604166666666 0.0068359375 0.03125
0 0.2138671875 0.6002604166666666 0.03125 0.041666666666666664
0 0.3876953125 0.49609375 0.37890625 0.07291666666666667
0 0.41455078125 0.498046875 0.3115234375 0.02734375
0 0.2255859375 0.49609375 0.046875 0.0625
0 0.2255859375 0.4954427083333333 0.029296875 0.03515625
0 0.2255859375 0.49609375 0.046875 0.0625
0 0.49951171875 0.10026041666666667 0.2744140625 0.0703125
0 0.052734375 0.0703125 0.046875 0.0625
0 0.05224609375 0.0703125 0.0146484375 0.03125
0 0.05224609375 0.0703125 0.0146484375 0.03125
1 0.052734375 0.0703125 0.046875 0.0625
0 0.13671875 0.8463541666666666 0.23046875 0.2265625
0 0.13671875 0.8450520833333334 0.21484375 0.20572916666666666
0 0.13671875 0.8229166666666666 0.21484375 0.16145833333333334
0 0.0908203125 0.92578125 0.09765625 0.026041666666666668
0 0.044921875 0.7005208333333334 0.03125 0.041666666666666664
0 0.044921875 0.7005208333333334 0.03125 0.03125
0 0.044921875 0.7005208333333334 0.03125 0.03125
0 0.05126953125 0.693359375 0.0048828125 0.006510416666666667
0 0.03857421875 0.7083333333333334 0.0048828125 0.005208333333333333
0 0.0439453125 0.6920572916666666 0.005859375 0.006510416666666667
0 0.0458984375 0.708984375 0.005859375 0.006510416666666667
1 0.044921875 0.7005208333333334 0.03125 0.041666666666666664
0 0.375 0.8463541666666666 0.23046875 0.2265625
0 0.375 0.8450520833333334 0.21484375 0.20572916666666666
0 0.375 0.8229166666666666 0.21484375 0.16145833333333334
0 0.3291015625 0.92578125 0.09765625 0.026041666666666668
0 0.61328125 0.8463541666666666 0.23046875 0.2265625
0 0.61328125 0.8450520833333334 0.21484375 0.20572916666666666
0 0.61328125 0.8229166666666666 0.21484375 0.16145833333333334
0 0.5673828125 0.92578125 0.09765625 0.026041666666666668
0 0.8515625 0.8463541666666666 0.23046875 0.2265625
0 0.8515625 0.8450520833333334 0.21484375 0.20572916666666666
0 0.8515625 0.8229166666666666 0.21484375 0.16145833333333334
0 0.8056640625 0.92578125 0.09765625 0.026041666666666668
0 0.9873046875 0.8463541666666666 0.025390625 0.2265625
0 0.9912109375 0.8450520833333334 0.017578125 0.20572916666666666
0 0.9912109375 0.8229166666666666 0.017578125 0.16145833333333334
0 0.99755859375 0.92578125 0.0048828125 0.0234375
0 1.3125 0.837890625 0.203125 0.20442708333333334
0 1.3125 0.8118489583333334 0.203125 0.15234375
0 1.28125 0.9036458333333334 0.1171875 0.046875
0 1.220703125 0.5208333333333334 0.046875 0.0625
0 1.220703125 0.5208333333333334 0.04296875 0.052083333333333336
0 1.220703125 0.5208333333333334 0.04296875 0.052083333333333336
0 1.220703125 0.5208333333333334 0.04296875 0.052083333333333336
0 1.220703125 0.5208333333333334 0.046875 0.0625
0 1.10400390625 0.14453125 0.1708984375 0.06510416666666667
0 1.1064453125 0.14453125 0.13671875 0.03125
1 0.951171875 0.375 0.0390625 0.052083333333333336
0 0.951171875 0.375 0.0390625 0.052083333333333336
0 0.95166015625 0.3756510416666667 0.0380859375 0.045572916666666664
1 0.951171875 0.28125 0.0390625 0.052083333333333336
0 0.951171875 0.28125 0.0390625 0.052083333333333336
0 0.951171875 0.2819010416666667 0.037109375 0.045572916666666664
0 0.951171875 0.2819010416666667 0.037109375 0.045572916666666664
0 0.951171875 0.2819010416666667 0.037109375 0.045572916666666664
0 0.951171875 0.2819010416666667 0.037109375 0.045572916666666664
0 0.951171875 0.2819010416666667 0.037109375 0.045572916666666664
1 0.951171875 0.1875 0.0390625 0.052083333333333336
0 0.951171875 0.1875 0.0390625 0.052083333333333336
0 0.951171875 0.1953125 0.03515625 0.033854166666666664
0 0.951171875 0.1953125 0.03515625 0.033854166666666664
0 0.951171875 0.171875 0.021484375 0.020833333333333332
0 0.951171875 0.171875 0.021484375 0.020833333333333332
0 0.951171875 0.171875 0.021484375 0.020833333333333332
0 0.951171875 0.171875 0.021484375 0.020833333333333332
0 0.951171875 0.46875 0.0390625 0.052083333333333336
0 0.951171875 0.46875 0.037109375 0.044270833333333336
0 0.951171875 0.46875 0.037109375 0.044270833333333336
0 0.951171875 0.46875 0.037109375 0.044270833333333336
1 0.951171875 0.46875 0.0390625 0.052083333333333336
0 0.091796875 0.287109375 0.1328125 0.07161458333333333
0 0.091796875 0.2845052083333333 0.119140625 0.053385416666666664
0 0.091796875 0.2845052083333333 0.119140625 0.053385416666666664
0 0.091796875 0.2845052083333333 0.119140625 0.053385416666666664
0 0.091796875 0.2845052083333333 0.119140625 0.053385416666666664
0 0.091796875 0.2845052083333333 0.119140625 0.053385416666666664
0 0.091796875 0.2845052083333333 0.119140625 0.053385416666666664
0 0.09228515625 0.28515625 0.0810546875 0.026041666666666668
0 0.091796875 0.19466145833333334 0.1328125 0.07161458333333333
0 0.091796875 0.19205729166666666 0.119140625 0.053385416666666664
0 0.09130859375 0.19205729166666666 0.1181640625 0.053385416666666664
0 0.09130859375 0.19205729166666666 0.1181640625 0.053385416666666664
0 0.09130859375 0.19205729166666666 0.1181640625 0.053385416666666664
0 0.09130859375 0.19205729166666666 0.1181640625 0.053385416666666664
0 0.09130859375 0.19205729166666666 0.1181640625 0.053385416666666664
0 0.0615234375 0.19205729166666666 0.052734375 0.053385416666666664
0 0.1064453125 0.19205729166666666 0.04296875 0.029947916666666668