0 0.5 0.5509745127436282 1.0 0.7511244377811095
0 0.5 0.6724137931034483 1.0 0.5112443778110944
0 0.5 0.9625187406296851 1.0 0.07496251874062969
0 0.5 0.17541229385307347 1.0 0.0029985007496251873
0 0.5173333333333333 0.4775112443778111 0.9653333333333334 0.10044977511244378
0 0.5173333333333333 0.5869565217391305 0.9653333333333334 0.10044977511244378
0 0.5173333333333333 0.8058470764617691 0.9653333333333334 0.10044977511244378
0 0.5173333333333333 0.6964017991004497 0.9653333333333334 0.10044977511244378
0 0.184 0.40104947526236884 0.29333333333333333 0.01649175412293853
0 0.5 0.2811094452773613 1.0 0.11244377811094453
0 0.116 0.2811094452773613 0.14666666666666667 0.08245877061469266
0 0.116 0.2811094452773613 0.14666666666666667 0.08245877061469266
0 0.15866666666666668 0.3095952023988006 0.050666666666666665 0.02848575712143928
0 0.15866666666666668 0.30884557721139433 0.008 0.017991004497751123
0 0.15733333333333333 0.30884557721139433 0.032 0.0029985007496251873
0 0.324 0.2653673163418291 0.18933333333333333 0.0239880059970015
0 0.37333333333333335 0.3028485757121439 0.29333333333333333 0.020989505247376312
0 0.7253333333333334 0.2818590704647676 0.096 0.053973013493253376
0 0.7266666666666667 0.2826086956521739 0.050666666666666665 0.022488755622188907
0 0.7266666666666667 0.2826086956521739 0.024 0.013493253373313344
0 0.7266666666666667 0.2826086956521739 0.024 0.013493253373313344
0 0.744 0.27811094452773616 0.005333333333333333 0.004497751124437781
0 0.8746666666666667 0.2818590704647676 0.096 0.053973013493253376
0 0.8746666666666667 0.2826086956521739 0.037333333333333336 0.019490254872563718
0 0.86 0.29160419790104947 0.013333333333333334 0.0074962518740629685
0 0.8893333333333333 0.27511244377811095 0.013333333333333334 0.0074962518740629685
0 0.5 0.08770614692653673 1.0 0.17541229385307347
0 0.15866666666666668 0.13493253373313344 0.22666666666666666 0.035982008995502246
0 0.11333333333333333 0.06446776611694154 0.136 0.0239880059970015
0 0.9493333333333334 0.015742128935532233 0.058666666666666666 0.01649175412293853
0 0.984 0.015742128935532233 0.005333333333333333 0.0074962518740629685
0 0.984 0.015742128935532233 0.005333333333333333 0.0074962518740629685
0 0.9493333333333334 0.015742128935532233 0.048 0.010494752623688156
0 0.868 0.017241379310344827 0.08266666666666667 0.01649175412293853
0 0.8133333333333334 0.014992503748125937 0.021333333333333333 0.020989505247376312
0 0.8133333333333334 0.014992503748125937 0.021333333333333333 0.020989505247376312
0 0.8133333333333334 0.014992503748125937 0.021333333333333333 0.020989505247376312
0 0.496 0.027736131934032984 0.064 0.037481259370314844
1 0.2 0.014992503748125937 0.037333333333333336 0.014992503748125937
2 0.2 0.014992503748125937 0.037333333333333336 0.014992503748125937
2 0.2 0.014992503748125937 0.037333333333333336 0.014992503748125937
0 0.11866666666666667 0.015742128935532233 0.104 0.01649175412293853
1 0.036 0.014992503748125937 0.04 0.014992503748125937
2 0.036 0.014992503748125937 0.04 0.014992503748125937
2 0.036 0.014992503748125937 0.04 0.014992503748125937
2 0.036 0.014992503748125937 0.04 0.014992503748125937