0 0.5 0.3990885416666667 0.634765625 0.4752604166666667
0 0.5 0.5 1.0 1.0
0 0.68896484375 0.2975260416666667 0.6220703125 0.5950520833333334
0 0.146484375 0.21223958333333334 0.29296875 0.4244791666666667
0 0.26318359375 0.7545572916666666 0.5263671875 0.4908854166666667
0 0.81689453125 0.796875 0.3662109375 0.40625
0 0.052734375 0.0703125 0.046875 0.0625
0 0.05224609375 0.0703125 0.0146484375 0.03125
0 0.05224609375 0.0703125 0.0146484375 0.03125
1 0.052734375 0.0703125 0.046875 0.0625
0 0.5 0.6848958333333334 0.2890625 0.10416666666666667
0 0.5 0.701171875 0.0703125 0.061197916666666664
0 0.62255859375 0.376953125 0.0341796875 0.040364583333333336
0 0.62255859375 0.376953125 0.0341796875 0.040364583333333336
0 0.62255859375 0.376953125 0.0341796875 0.040364583333333336
0 0.62255859375 0.376953125 0.0341796875 0.040364583333333336
0 0.62255859375 0.376953125 0.0341796875 0.040364583333333336
0 0.62255859375 0.376953125 0.0341796875 0.040364583333333336
0 0.66796875 0.4290364583333333 0.01953125 0.037760416666666664
0 0.66796875 0.4290364583333333 0.01953125 0.037760416666666664
0 0.66796875 0.4290364583333333 0.01953125 0.037760416666666664
0 0.638671875 0.4739583333333333 0.029296875 0.03125
0 0.638671875 0.4739583333333333 0.029296875 0.03125
0 0.638671875 0.4739583333333333 0.029296875 0.03125
0 0.5439453125 0.4518229166666667 0.12109375 0.1640625
0 0.5439453125 0.4518229166666667 0.12109375 0.1640625
0 0.5400390625 0.5 0.134765625 0.11197916666666667
0 0.5400390625 0.5 0.134765625 0.11197916666666667
0 0.5400390625 0.5 0.134765625 0.11197916666666667
0 0.44384765625 0.4401041666666667 0.2119140625 0.2760416666666667
0 0.44384765625 0.439453125 0.1728515625 0.2591145833333333
0 0.4443359375 0.439453125 0.18359375 0.2747395833333333
0 0.43408203125 0.3313802083333333 0.1748046875 0.10286458333333333
0 0.44287109375 0.3561197916666667 0.1884765625 0.14453125
0 0.49169921875 0.3118489583333333 0.0673828125 0.053385416666666664
0 0.43408203125 0.31640625 0.1767578125 0.10677083333333333
0 0.435546875 0.3372395833333333 0.171875 0.1171875
0 0.5361328125 0.3723958333333333 0.0546875 0.09114583333333333
0 0.5361328125 0.3723958333333333 0.0546875 0.09114583333333333
0 0.55615234375 0.3736979166666667 0.0087890625 0.046875
0 0.5263671875 0.37109375 0.03515625 0.08854166666666667
0 0.349609375 0.4231770833333333 0.048828125 0.09375
0 0.349609375 0.4231770833333333 0.048828125 0.09375
0 0.33837890625 0.4368489583333333 0.0224609375 0.045572916666666664
0 0.361328125 0.421875 0.025390625 0.09114583333333333
0 0.5419921875 0.3470052083333333 0.021484375 0.024739583333333332
0 0.33935546875 0.41015625 0.0146484375 0.033854166666666664
1 0.5 0.4296875 0.361328125 0.3333333333333333