0 0.07866666666666666 0.43596059113300495 0.034666666666666665 0.04926108374384237
0 0.108 0.437807881773399 0.013333333333333334 0.006157635467980296
0 0.07333333333333333 0.33066502463054187 0.029333333333333333 0.0480295566502463
0 0.076 0.5394088669950738 0.029333333333333333 0.046798029556650245
0 0.07333333333333333 0.6527093596059114 0.029333333333333333 0.07635467980295567
0 0.5013333333333333 0.05541871921182266 0.17066666666666666 0.019704433497536946
1 0.92 0.05541871921182266 0.058666666666666666 0.027093596059113302
2 0.92 0.05541871921182266 0.058666666666666666 0.027093596059113302
0 0.08 0.05541871921182266 0.048 0.022167487684729065
0 0.5 0.9334975369458128 0.92 0.05172413793103448
0 0.5026666666666667 0.9507389162561576 0.9946666666666667 0.09852216748768473
0 0.38533333333333336 0.9649014778325123 0.14666666666666667 0.0332512315270936
0 0.38533333333333336 0.978448275862069 0.12 0.006157635467980296
0 0.38666666666666666 0.9488916256157636 0.06933333333333333 0.020935960591133004
0 0.38666666666666666 0.9488916256157636 0.06933333333333333 0.020935960591133004
0 0.372 0.9476600985221675 0.018666666666666668 0.008620689655172414
0 0.372 0.9476600985221675 0.018666666666666668 0.008620689655172414
1 0.4013333333333333 0.9451970443349754 0.008 0.003694581280788177
2 0.4013333333333333 0.9501231527093597 0.008 0.003694581280788177
2 0.396 0.9476600985221675 0.008 0.003694581280788177
2 0.4066666666666667 0.9476600985221675 0.008 0.003694581280788177
0 0.6213333333333333 0.9495073891625616 0.05333333333333334 0.022167487684729065
1 0.156 0.9482758620689655 0.050666666666666665 0.024630541871921183
2 0.156 0.9482758620689655 0.050666666666666665 0.024630541871921183
1 0.8426666666666667 0.9482758620689655 0.05333333333333334 0.024630541871921183
2 0.8426666666666667 0.9482758620689655 0.05333333333333334 0.024630541871921183
0 0.568 0.229064039408867 0.7573333333333333 0.18472906403940886
0 0.5413333333333333 0.25985221674876846 0.9173333333333333 0.2832512315270936
0 0.656 0.1958128078817734 0.18666666666666668 0.03694581280788178
0 0.3506666666666667 0.23522167487684728 0.32266666666666666 0.18472906403940886
1 0.30533333333333335 0.18842364532019704 0.3546666666666667 0.15763546798029557
1 0.896 0.14100985221674878 0.016 0.003694581280788177
2 0.884 0.1545566502463054 0.06133333333333333 0.03571428571428571
0 0.58 0.2746305418719212 0.034666666666666665 0.014778325123152709
0 0.6253333333333333 0.2746305418719212 0.034666666666666665 0.014778325123152709
0 0.6706666666666666 0.2746305418719212 0.034666666666666665 0.014778325123152709
0 0.716 0.2746305418719212 0.034666666666666665 0.014778325123152709
0 0.7613333333333333 0.2746305418719212 0.034666666666666665 0.014778325123152709
0 0.7533333333333333 0.2746305418719212 0.018666666666666668 0.014778325123152709
0 0.816 0.2752463054187192 0.042666666666666665 0.011083743842364532
0 0.62 0.30110837438423643 0.11466666666666667 0.01600985221674877
0 0.7413333333333333 0.2481527093596059 0.35733333333333334 0.01847290640394089
1 0.568 0.7623152709359606 0.864 0.23399014778325122
0 0.5413333333333333 0.7807881773399015 0.9173333333333333 0.2832512315270936
0 0.656 0.7173645320197044 0.192 0.038177339901477834
0 0.384 0.7561576354679803 0.3893333333333333 0.18472906403940886
2 0.3546666666666667 0.7124384236453202 0.39466666666666667 0.1933497536945813
1 0.896 0.6619458128078818 0.016 0.003694581280788177
2 0.884 0.6754926108374384 0.06133333333333333 0.03571428571428571
0 0.58 0.7955665024630542 0.034666666666666665 0.014778325123152709
0 0.6253333333333333 0.7955665024630542 0.034666666666666665 0.014778325123152709
0 0.6706666666666666 0.7955665024630542 0.034666666666666665 0.014778325123152709
0 0.716 0.7955665024630542 0.034666666666666665 0.014778325123152709
0 0.7613333333333333 0.7955665024630542 0.034666666666666665 0.014778325123152709
0 0.8146666666666667 0.7961822660098522 0.04 0.011083743842364532
0 0.62 0.8220443349753694 0.11466666666666667 0.01600985221674877
0 0.6773333333333333 0.7684729064039408 0.224 0.014778325123152709
1 0.568 0.49014778325123154 0.7573333333333333 0.18472906403940886
0 0.5413333333333333 0.520935960591133 0.9173333333333333 0.2832512315270936
0 0.6546666666666666 0.45751231527093594 0.19466666666666665 0.038177339901477834
0 0.368 0.4963054187192118 0.35733333333333334 0.18472906403940886
2 0.348 0.47783251231527096 0.3973333333333333 0.2315270935960591
1 0.896 0.4020935960591133 0.016 0.003694581280788177
2 0.884 0.41564039408866993 0.06133333333333333 0.03571428571428571
0 0.58 0.5357142857142857 0.034666666666666665 0.014778325123152709
0 0.6253333333333333 0.5357142857142857 0.034666666666666665 0.014778325123152709
0 0.6706666666666666 0.5357142857142857 0.034666666666666665 0.014778325123152709
0 0.716 0.5357142857142857 0.034666666666666665 0.014778325123152709
0 0.7613333333333333 0.5357142857142857 0.034666666666666665 0.014778325123152709
0 0.816 0.5363300492610837 0.042666666666666665 0.011083743842364532
0 0.6186666666666667 0.562192118226601 0.112 0.01600985221674877
0 0.7146666666666667 0.5104679802955665 0.304 0.01847290640394089