0 0.5 0.12683284457478006 1.0 0.06598240469208211
0 0.5 0.3379765395894428 1.0 0.06598240469208211
0 0.5 0.19281524926686217 1.0 0.06598240469208211
0 0.5 0.4039589442815249 1.0 0.06598240469208211
0 0.5 0.5982404692082112 1.0 0.3225806451612903
0 0.5 0.047653958944281524 1.0 0.09530791788856305
0 0.058666666666666666 0.06158357771260997 0.064 0.03519061583577713
0 0.05733333333333333 0.06158357771260997 0.029333333333333333 0.02785923753665689
0 0.49866666666666665 0.062316715542521994 0.192 0.024926686217008796
0 0.8946666666666667 0.013563049853372434 0.021333333333333333 0.019794721407624633
0 0.8946666666666667 0.013563049853372434 0.021333333333333333 0.019794721407624633
0 0.8946666666666667 0.013563049853372434 0.021333333333333333 0.019794721407624633
0 0.9513333333333334 0.013563049853372434 0.06 0.013929618768328446
0 0.9513333333333334 0.013563049853372434 0.06 0.013929618768328446
0 0.9513333333333334 0.013563049853372434 0.05466666666666667 0.010997067448680353
0 0.9846666666666667 0.013563049853372434 0.004 0.005131964809384164
1 0.23066666666666666 0.013563049853372434 0.034666666666666665 0.013929618768328446
2 0.23066666666666666 0.013563049853372434 0.034666666666666665 0.013929618768328446
2 0.23066666666666666 0.013563049853372434 0.034666666666666665 0.013929618768328446
0 0.026 0.013929618768328446 0.014666666666666666 0.008797653958944282
0 0.04466666666666667 0.013929618768328446 0.014666666666666666 0.008797653958944282
0 0.06333333333333334 0.013929618768328446 0.014666666666666666 0.008797653958944282
0 0.082 0.013929618768328446 0.014666666666666666 0.008797653958944282
0 0.082 0.013929618768328446 0.014666666666666666 0.008797653958944282
0 0.10066666666666667 0.013929618768328446 0.014666666666666666 0.008797653958944282
0 0.10066666666666667 0.013929618768328446 0.014666666666666666 0.008797653958944282
0 0.16133333333333333 0.013563049853372434 0.07733333333333334 0.013929618768328446
0 0.474 0.024193548387096774 0.07866666666666666 0.03372434017595308
0 0.5 0.5835777126099707 0.9226666666666666 0.29472140762463345
0 0.5 0.5835777126099707 0.92 0.2932551319648094
0 0.5 0.25733137829912023 1.0 0.06598240469208211
0 0.158 0.25733137829912023 0.07333333333333333 0.01906158357771261
0 0.06533333333333333 0.2569648093841642 0.018666666666666668 0.009530791788856305
0 0.36333333333333334 0.2569648093841642 0.2653333333333333 0.019794721407624633
0 0.116 0.12646627565982405 0.14933333333333335 0.019794721407624633
0 0.116 0.3376099706744868 0.14933333333333335 0.019794721407624633
0 0.158 0.19281524926686217 0.07333333333333333 0.01906158357771261
0 0.158 0.4039589442815249 0.07066666666666667 0.01906158357771261
0 0.5273333333333333 0.19244868035190615 0.07333333333333333 0.018328445747800588
0 0.5666666666666667 0.4035923753665689 0.14933333333333335 0.019794721407624633
1 0.06666666666666667 0.19281524926686217 0.05333333333333334 0.02932551319648094
2 0.06666666666666667 0.19281524926686217 0.05333333333333334 0.02932551319648094
1 0.06666666666666667 0.4039589442815249 0.05333333333333334 0.02932551319648094
2 0.06666666666666667 0.4039589442815249 0.05333333333333334 0.02932551319648094
0 0.43733333333333335 0.19281524926686217 0.05333333333333334 0.02932551319648094
0 0.43733333333333335 0.4039589442815249 0.05333333333333334 0.02932551319648094
0 0.5 0.2250733137829912 0.9226666666666666 0.001466275659824047
0 0.5 0.8401759530791789 1.0 0.13196480938416422
0 0.316 0.8405425219941349 0.5653333333333334 0.07551319648093842
0 0.5 0.9604105571847508 1.0 0.07917888563049853
0 0.5 0.9604105571847508 0.936 0.05865102639296188
0 0.5 0.9600439882697948 0.072 0.019794721407624633
0 0.5 0.5 1.0 1.0
0 0.5013333333333333 0.48900293255131966 0.6533333333333333 0.1656891495601173
0 0.3586666666666667 0.5447214076246334 0.10933333333333334 0.01906158357771261
0 0.6653333333333333 0.5443548387096774 0.072 0.019794721407624633
0 0.5 0.4446480938416422 0.25333333333333335 0.022727272727272728
0 0.5013333333333333 0.48277126099706746 0.38133333333333336 0.01686217008797654
0 0.5 0.5168621700879765 0.656 0.001466275659824047
0 0.502 0.5447214076246334 0.0013333333333333333 0.05571847507331378