0 0.10656231186032511 0.11 0.14208308248043347 0.06
0 0.2600842865743528 0.41333333333333333 0.4515352197471403 0.18666666666666668
0 0.11017459361830223 0.414 0.11438892233594221 0.08666666666666667
0 0.2600842865743528 0.2613333333333333 0.4515352197471403 0.11733333333333333
0 0.2600842865743528 0.31866666666666665 0.41661649608669477 0.0026666666666666666
0 0.4349789283564118 0.262 0.07043949428055388 0.030666666666666665
0 0.06562311860325105 0.262 0.0325105358217941 0.036
0 0.2600842865743528 0.7986666666666666 0.4515352197471403 0.24266666666666667
0 0.17459361830222758 0.7993333333333333 0.2432269717037929 0.14266666666666666
0 0.2600842865743528 0.6186666666666667 0.4515352197471403 0.11733333333333333
0 0.2600842865743528 0.676 0.41661649608669477 0.0026666666666666666
0 0.4349789283564118 0.6193333333333333 0.07043949428055388 0.030666666666666665
0 0.06562311860325105 0.6193333333333333 0.0325105358217941 0.036
0 0.74051776038531 0.7986666666666666 0.4515352197471403 0.24266666666666667
0 0.6550270921131849 0.7993333333333333 0.2432269717037929 0.14266666666666666
0 0.74051776038531 0.2613333333333333 0.4515352197471403 0.11733333333333333
0 0.74051776038531 0.31866666666666665 0.41661649608669477 0.0026666666666666666
0 0.9491270319084889 0.2613333333333333 0.006622516556291391 0.024
0 0.9491270319084889 0.2613333333333333 0.006622516556291391 0.024
0 0.909692956050572 0.262 0.056592414208308246 0.030666666666666665
0 0.5460565924142083 0.262 0.0325105358217941 0.036
0 0.74051776038531 0.41333333333333333 0.4515352197471403 0.18666666666666668
0 0.5906080674292595 0.414 0.11438892233594221 0.08666666666666667
0 0.74051776038531 0.6186666666666667 0.4515352197471403 0.11733333333333333
0 0.74051776038531 0.676 0.41661649608669477 0.0026666666666666666
0 0.9491270319084889 0.6186666666666667 0.006622516556291391 0.024
0 0.9491270319084889 0.6186666666666667 0.006622516556291391 0.024
0 0.909692956050572 0.6193333333333333 0.056592414208308246 0.030666666666666665
0 0.5460565924142083 0.6193333333333333 0.0325105358217941 0.036