0 0.21866666666666668 0.15854572713643178 0.18666666666666668 0.024737631184407798
0 0.21866666666666668 0.15854572713643178 0.18666666666666668 0.024737631184407798
0 0.21866666666666668 0.15854572713643178 0.18666666666666668 0.024737631184407798
0 0.21866666666666668 0.15854572713643178 0.18666666666666668 0.024737631184407798
0 0.21866666666666668 0.15854572713643178 0.18666666666666668 0.024737631184407798
0 0.21866666666666668 0.15854572713643178 0.18666666666666668 0.024737631184407798
0 0.21866666666666668 0.15854572713643178 0.18666666666666668 0.024737631184407798
0 0.21866666666666668 0.15854572713643178 0.18666666666666668 0.024737631184407798
0 0.21866666666666668 0.15854572713643178 0.18666666666666668 0.024737631184407798
0 0.21866666666666668 0.15854572713643178 0.18666666666666668 0.024737631184407798
0 0.21866666666666668 0.15854572713643178 0.18666666666666668 0.024737631184407798
0 0.21866666666666668 0.15854572713643178 0.18666666666666668 0.024737631184407798
0 0.21866666666666668 0.15854572713643178 0.18666666666666668 0.024737631184407798
0 0.21866666666666668 0.15854572713643178 0.18666666666666668 0.024737631184407798
0 0.21866666666666668 0.15854572713643178 0.18666666666666668 0.024737631184407798
0 0.21866666666666668 0.15854572713643178 0.18666666666666668 0.024737631184407798
0 0.21866666666666668 0.15854572713643178 0.18666666666666668 0.024737631184407798
0 0.21866666666666668 0.15854572713643178 0.18666666666666668 0.024737631184407798
0 0.21866666666666668 0.15854572713643178 0.18666666666666668 0.024737631184407798
0 0.21866666666666668 0.15854572713643178 0.18666666666666668 0.024737631184407798
0 0.21866666666666668 0.15854572713643178 0.18666666666666668 0.024737631184407798
0 0.5 0.9250374812593704 0.92 0.05997001499250375
0 0.5 0.9246626686656672 0.2693333333333333 0.024737631184407798
0 0.3273333333333333 0.7991004497751124 0.572 0.019490254872563718
0 0.5 0.77023988005997 0.92 0.0007496251874062968
0 0.15533333333333332 0.7380059970014993 0.17733333333333334 0.024737631184407798
0 0.8013333333333333 0.7380059970014993 0.224 0.024737631184407798
0 0.944 0.7368815592203898 0.032 0.041979010494752625
0 0.9453333333333334 0.737256371814093 0.021333333333333333 0.020239880059970013
0 0.5 0.6353073463268366 0.92 0.0007496251874062968
0 0.5 0.7027736131934033 0.92 0.0007496251874062968
0 0.154 0.6026986506746627 0.18 0.0239880059970015
0 0.7586666666666667 0.6705397301349325 0.31466666666666665 0.024737631184407798
0 0.7126666666666667 0.6015742128935532 0.404 0.024737631184407798
0 0.944 0.6019490254872564 0.032 0.041979010494752625
0 0.9446666666666667 0.6019490254872564 0.02 0.019490254872563718
0 0.5 0.5678410794602698 0.92 0.0007496251874062968
0 0.15466666666666667 0.5356071964017991 0.17866666666666667 0.024737631184407798
0 0.712 0.5356071964017991 0.4026666666666667 0.024737631184407798
0 0.8066666666666666 0.41116941529235385 0.21333333333333335 0.020239880059970013
0 0.8053333333333333 0.35082458770614694 0.10666666666666667 0.05997001499250375
0 0.804 0.35082458770614694 0.08266666666666667 0.046476761619190406
0 0.8133333333333334 0.34632683658170915 0.06666666666666667 0.02848575712143928
0 0.5006666666666667 0.411544227886057 0.21466666666666667 0.019490254872563718
0 0.5 0.35082458770614694 0.10666666666666667 0.05997001499250375
0 0.478 0.34070464767616193 0.03866666666666667 0.021739130434782608
0 0.522 0.33995502248875564 0.044 0.024737631184407798
0 0.478 0.3646926536731634 0.03866666666666667 0.021739130434782608
0 0.5206666666666667 0.3646926536731634 0.03866666666666667 0.021739130434782608
0 0.194 0.41116941529235385 0.21466666666666667 0.020239880059970013
0 0.192 0.35082458770614694 0.10666666666666667 0.05997001499250375
0 0.186 0.35157421289355323 0.07066666666666667 0.047976011994003
0 0.186 0.35157421289355323 0.07066666666666667 0.047976011994003
0 0.20866666666666667 0.33470764617691157 0.025333333333333333 0.01424287856071964
0 0.21466666666666667 0.36806596701649175 0.058666666666666666 0.031484257871064465
0 0.19266666666666668 0.3511994002998501 0.08933333333333333 0.05022488755622189
0 0.19333333333333333 0.348575712143928 0.056 0.044977511244377814
0 0.19333333333333333 0.34182908545727136 0.029333333333333333 0.01649175412293853
0 0.19266666666666668 0.3684407796101949 0.06266666666666666 0.015742128935532233
0 0.49933333333333335 0.2368815592203898 0.6893333333333334 0.029985007496251874
0 0.5006666666666667 0.2754872563718141 0.31866666666666665 0.02923538230884558
0 0.5 0.1634182908545727 0.13333333333333333 0.07496251874062969
0 0.5013333333333333 0.16754122938530736 0.10666666666666667 0.06671664167916042
0 0.5 0.06334332833583209 1.0 0.06671664167916042
0 0.5 0.014992503748125937 1.0 0.029985007496251874
0 0.03133333333333333 0.015367316341829085 0.014666666666666666 0.008245877061469266
0 0.05 0.015367316341829085 0.014666666666666666 0.008245877061469266
0 0.06866666666666667 0.015367316341829085 0.014666666666666666 0.008245877061469266
0 0.08733333333333333 0.015367316341829085 0.014666666666666666 0.008245877061469266
0 0.08733333333333333 0.015367316341829085 0.014666666666666666 0.008245877061469266
0 0.106 0.015367316341829085 0.014666666666666666 0.008245877061469266
0 0.106 0.015367316341829085 0.014666666666666666 0.008245877061469266
1 0.13933333333333334 0.014992503748125937 0.030666666666666665 0.013493253373313344
2 0.13933333333333334 0.014992503748125937 0.030666666666666665 0.013493253373313344
2 0.13933333333333334 0.014992503748125937 0.030666666666666665 0.013493253373313344
0 0.51 0.013868065967016492 0.06 0.01424287856071964
0 0.9566666666666667 0.015367316341829085 0.06 0.01424287856071964
0 0.9566666666666667 0.015367316341829085 0.06 0.01424287856071964
0 0.9606666666666667 0.015367316341829085 0.06266666666666666 0.011244377811094454
0 0.9606666666666667 0.015367316341829085 0.06266666666666666 0.011244377811094454
0 0.8886666666666667 0.02586206896551724 0.052 0.03523238380809595
0 0.6213333333333333 0.06446776611694154 0.042666666666666665 0.0239880059970015
1 0.622 0.06671664167916042 0.012 0.013493253373313344
0 0.5 0.07008995502248876 0.17866666666666667 0.024737631184407798
0 0.922 0.06409295352323838 0.08666666666666667 0.024737631184407798
0 0.036 0.06371814092953523 0.04 0.041979010494752625
0 0.034666666666666665 0.06409295352323838 0.02666666666666667 0.02623688155922039
0 0.16333333333333333 0.07008995502248876 0.18 0.024737631184407798