0 0.5 0.17616191904047976 1.0 0.11244377811094453
0 0.5 0.3073463268365817 1.0 0.10194902548725637
0 0.3893333333333333 0.2901049475262369 0.11733333333333333 0.026986506746626688
0 0.39 0.29310344827586204 0.084 0.014992503748125937
0 0.2926666666666667 0.32721139430284857 0.30533333333333335 0.020239880059970013
0 0.22866666666666666 0.28973013493253374 0.17466666666666666 0.023238380809595203
0 0.06933333333333333 0.3073463268365817 0.07466666666666667 0.041979010494752625
0 0.07266666666666667 0.3065967016491754 0.06 0.029985007496251874
0 0.07266666666666667 0.3065967016491754 0.06 0.029985007496251874
0 0.24466666666666667 0.17466266866566715 0.084 0.0239880059970015
0 0.064 0.4085457271364318 0.064 0.035982008995502246
0 0.064 0.3028485757121439 0.064 0.035982008995502246
0 0.8613333333333333 0.17466266866566715 0.048 0.026986506746626688
0 0.064 0.699400299850075 0.064 0.035982008995502246
0 0.064 0.4760119940029985 0.064 0.035982008995502246
0 0.064 0.7668665667166417 0.064 0.035982008995502246
0 0.064 0.8568215892053973 0.064 0.035982008995502246
0 0.064 0.5427286356821589 0.064 0.035982008995502246
0 0.064 0.6094452773613194 0.064 0.035982008995502246
0 0.5 0.04985007496251874 1.0 0.0967016491754123
0 0.5 0.06409295352323838 1.0 0.06671664167916042
0 0.9273333333333333 0.06409295352323838 0.05733333333333333 0.03223388305847077
0 0.9293333333333333 0.06521739130434782 0.056 0.02848575712143928
0 0.9293333333333333 0.06521739130434782 0.056 0.02848575712143928
0 0.9293333333333333 0.06521739130434782 0.056 0.02848575712143928
0 0.9293333333333333 0.06521739130434782 0.056 0.02848575712143928
0 0.9293333333333333 0.06521739130434782 0.056 0.02848575712143928
0 0.9293333333333333 0.06521739130434782 0.056 0.02848575712143928
0 0.9293333333333333 0.06521739130434782 0.056 0.02848575712143928
0 0.9293333333333333 0.06521739130434782 0.056 0.02848575712143928
0 0.9293333333333333 0.06521739130434782 0.056 0.02848575712143928
0 0.5 0.015742128935532233 1.0 0.029985007496251874
0 0.824 0.06371814092953523 0.07466666666666667 0.041979010494752625
0 0.11933333333333333 0.09782608695652174 0.08933333333333333 0.09220389805097451
0 0.044 0.06371814092953523 0.04 0.041979010494752625
0 0.042666666666666665 0.06409295352323838 0.02666666666666667 0.02623688155922039
0 0.49933333333333335 0.07083958020989506 0.08666666666666667 0.024737631184407798
0 0.03133333333333333 0.016116941529235384 0.014666666666666666 0.008245877061469266
0 0.05 0.016116941529235384 0.014666666666666666 0.008245877061469266
0 0.06866666666666667 0.016116941529235384 0.014666666666666666 0.008245877061469266
0 0.08733333333333333 0.016116941529235384 0.014666666666666666 0.008245877061469266
0 0.08733333333333333 0.016116941529235384 0.014666666666666666 0.008245877061469266
0 0.106 0.016116941529235384 0.014666666666666666 0.008245877061469266
0 0.106 0.016116941529235384 0.014666666666666666 0.008245877061469266
1 0.14 0.015367316341829085 0.032 0.01424287856071964
2 0.14 0.015367316341829085 0.032 0.01424287856071964
2 0.14 0.015367316341829085 0.032 0.01424287856071964
0 0.5113333333333333 0.018365817091454274 0.13466666666666666 0.017241379310344827
0 0.9566666666666667 0.016116941529235384 0.06 0.01424287856071964
0 0.9566666666666667 0.016116941529235384 0.06 0.01424287856071964
0 0.9606666666666667 0.016116941529235384 0.06266666666666666 0.011244377811094454
0 0.9606666666666667 0.016116941529235384 0.06266666666666666 0.011244377811094454
0 0.8886666666666667 0.026611694152923537 0.052 0.03523238380809595
1 0.9033333333333333 0.06634182908545727 0.05466666666666667 0.03073463268365817
2 0.9033333333333333 0.06634182908545727 0.05466666666666667 0.03073463268365817
2 0.9033333333333333 0.06634182908545727 0.05466666666666667 0.03073463268365817
2 0.9033333333333333 0.06634182908545727 0.05466666666666667 0.03073463268365817
2 0.9033333333333333 0.06634182908545727 0.05466666666666667 0.03073463268365817
2 0.9033333333333333 0.06634182908545727 0.05466666666666667 0.03073463268365817
2 0.9033333333333333 0.06634182908545727 0.05466666666666667 0.03073463268365817
2 0.9033333333333333 0.06634182908545727 0.05466666666666667 0.03073463268365817
2 0.9033333333333333 0.06634182908545727 0.05466666666666667 0.03073463268365817
2 0.9033333333333333 0.06634182908545727 0.05466666666666667 0.03073463268365817
0 0.06933333333333333 0.3028485757121439 0.07466666666666667 0.041979010494752625
0 0.06933333333333333 0.4085457271364318 0.07466666666666667 0.041979010494752625
0 0.06933333333333333 0.4760119940029985 0.07466666666666667 0.041979010494752625
0 0.06933333333333333 0.5427286356821589 0.07466666666666667 0.041979010494752625
0 0.06933333333333333 0.6094452773613194 0.07466666666666667 0.041979010494752625
0 0.06933333333333333 0.699400299850075 0.07466666666666667 0.041979010494752625
0 0.06933333333333333 0.7668665667166417 0.07466666666666667 0.041979010494752625
0 0.06933333333333333 0.8568215892053973 0.07466666666666667 0.041979010494752625
0 0.09866666666666667 0.17616191904047976 0.13333333333333333 0.07496251874062969
0 0.098 0.17616191904047976 0.132 0.07496251874062969
0 0.952 0.17616191904047976 0.032 0.041979010494752625
0 0.9533333333333334 0.1765367316341829 0.021333333333333333 0.020239880059970013
0 0.952 0.3058470764617691 0.032 0.041979010494752625
0 0.9533333333333334 0.30622188905547226 0.021333333333333333 0.020239880059970013
0 0.5 0.4835082458770615 1.0 0.06746626686656672
0 0.5 0.5509745127436282 1.0 0.06746626686656672
0 0.5 0.618440779610195 1.0 0.06746626686656672
0 0.5 0.7098950524737632 1.0 0.06746626686656672
0 0.57 0.7432533733133433 0.86 0.0007496251874062968
0 0.57 0.5168665667166417 0.86 0.0007496251874062968
0 0.57 0.5843328335832084 0.86 0.0007496251874062968
0 0.17866666666666667 0.4835082458770615 0.08266666666666667 0.020989505247376312
0 0.17933333333333334 0.5513493253373314 0.084 0.023238380809595203
0 0.17866666666666667 0.618815592203898 0.08266666666666667 0.023238380809595203
0 0.2 0.7102698650674663 0.12533333333333332 0.023238380809595203
0 0.07066666666666667 0.4835082458770615 0.04533333333333334 0.029985007496251874
0 0.07066666666666667 0.4835082458770615 0.04533333333333334 0.029985007496251874
0 0.07066666666666667 0.4835082458770615 0.04533333333333334 0.029985007496251874
0 0.07066666666666667 0.4835082458770615 0.04533333333333334 0.029985007496251874
0 0.07066666666666667 0.5513493253373314 0.058666666666666666 0.023238380809595203
0 0.07066666666666667 0.5513493253373314 0.058666666666666666 0.023238380809595203
0 0.07066666666666667 0.5513493253373314 0.058666666666666666 0.023238380809595203
0 0.072 0.618440779610195 0.056 0.031484257871064465
0 0.072 0.618440779610195 0.056 0.031484257871064465
0 0.072 0.618440779610195 0.056 0.031484257871064465
0 0.072 0.618440779610195 0.056 0.031484257871064465
0 0.072 0.618440779610195 0.056 0.031484257871064465
0 0.072 0.712143928035982 0.056 0.026986506746626688
0 0.072 0.712143928035982 0.056 0.026986506746626688
0 0.072 0.712143928035982 0.056 0.026986506746626688
0 0.072 0.712143928035982 0.056 0.026986506746626688
0 0.072 0.712143928035982 0.056 0.026986506746626688
0 0.072 0.6982758620689655 0.037333333333333336 0.008245877061469266
0 0.952 0.4835082458770615 0.032 0.041979010494752625
0 0.9533333333333334 0.4838830584707646 0.021333333333333333 0.020239880059970013
0 0.952 0.5509745127436282 0.032 0.041979010494752625
0 0.9533333333333334 0.5513493253373314 0.021333333333333333 0.020239880059970013
0 0.952 0.618440779610195 0.032 0.041979010494752625
0 0.9533333333333334 0.618815592203898 0.021333333333333333 0.020239880059970013
0 0.952 0.7098950524737632 0.032 0.041979010494752625
0 0.9533333333333334 0.7102698650674663 0.021333333333333333 0.020239880059970013
0 0.5 0.7773613193403298 1.0 0.06746626686656672
0 0.5 0.868815592203898 1.0 0.06746626686656672
0 0.17866666666666667 0.777736131934033 0.08266666666666667 0.023238380809595203
0 0.178 0.8695652173913043 0.08133333333333333 0.022488755622188907
0 0.08 0.7773613193403298 0.04 0.02848575712143928
0 0.08 0.7773613193403298 0.04 0.02848575712143928
0 0.08 0.7773613193403298 0.04 0.02848575712143928
0 0.051333333333333335 0.782608695652174 0.012 0.017991004497751123
0 0.051333333333333335 0.782608695652174 0.012 0.017991004497751123
0 0.051333333333333335 0.782608695652174 0.012 0.017991004497751123
0 0.072 0.868815592203898 0.05333333333333334 0.029985007496251874
0 0.072 0.868815592203898 0.05333333333333334 0.029985007496251874
0 0.952 0.7773613193403298 0.032 0.041979010494752625
0 0.9533333333333334 0.777736131934033 0.021333333333333333 0.020239880059970013
0 0.952 0.868815592203898 0.032 0.041979010494752625
0 0.9533333333333334 0.8691904047976012 0.021333333333333333 0.020239880059970013
0 0.5 0.4160419790104948 1.0 0.06746626686656672
0 0.57 0.44940029985007496 0.86 0.0007496251874062968
0 0.22133333333333333 0.4164167916041979 0.168 0.023238380809595203
0 0.952 0.4160419790104948 0.032 0.041979010494752625
0 0.9533333333333334 0.4164167916041979 0.021333333333333333 0.020239880059970013
0 0.06933333333333333 0.41754122938530736 0.064 0.035982008995502246
0 0.058 0.42391304347826086 0.006666666666666667 0.0037481259370314842
0 0.06933333333333333 0.41754122938530736 0.06133333333333333 0.035982008995502246
0 0.06933333333333333 0.41754122938530736 0.06133333333333333 0.035982008995502246
0 0.06933333333333333 0.41754122938530736 0.06133333333333333 0.035982008995502246
0 0.078 0.42391304347826086 0.006666666666666667 0.0037481259370314842
0 0.6986666666666667 0.4325337331334333 0.184 0.049475262368815595
0 0.904 0.41829085457271364 0.013333333333333334 0.0074962518740629685
1 0.068 0.6154422788605697 0.06133333333333333 0.034482758620689655
2 0.068 0.6154422788605697 0.06133333333333333 0.034482758620689655
2 0.068 0.6154422788605697 0.06133333333333333 0.034482758620689655
2 0.068 0.6154422788605697 0.06133333333333333 0.034482758620689655
2 0.068 0.6154422788605697 0.06133333333333333 0.034482758620689655
0 0.848 0.41679160419790107 0.08 0.044977511244377814
0 0.8493333333333334 0.41904047976011993 0.07466666666666667 0.04047976011994003
0 0.5 0.9632683658170914 1.0 0.0734632683658171
0 0.5 0.9261619190404797 1.0 0.0007496251874062968
0 0.9 0.9535232383808095 0.064 0.035982008995502246
0 0.9006666666666666 0.9535232383808095 0.05733333333333333 0.031484257871064465
0 0.9006666666666666 0.9535232383808095 0.05733333333333333 0.031484257871064465
0 0.9 0.9535232383808095 0.056 0.031484257871064465
0 0.7 0.9535232383808095 0.064 0.035982008995502246
0 0.7 0.9535232383808095 0.048 0.031484257871064465
0 0.7 0.9535232383808095 0.048 0.031484257871064465
0 0.7 0.9535232383808095 0.048 0.031484257871064465
0 0.7013333333333334 0.9437781109445277 0.02666666666666667 0.0014992503748125937
0 0.7013333333333334 0.9490254872563718 0.02666666666666667 0.0014992503748125937
0 0.5 0.9535232383808095 0.064 0.035982008995502246
0 0.4846666666666667 0.9449025487256372 0.025333333333333333 0.01424287856071964
0 0.5153333333333333 0.9449025487256372 0.025333333333333333 0.01424287856071964
0 0.5153333333333333 0.962143928035982 0.025333333333333333 0.01424287856071964
0 0.4846666666666667 0.962143928035982 0.025333333333333333 0.01424287856071964
0 0.3 0.9535232383808095 0.064 0.035982008995502246
0 0.3 0.9640179910044977 0.0026666666666666666 0.010494752623688156
0 0.3 0.9490254872563718 0.048 0.022488755622188907
0 0.3 0.9490254872563718 0.048 0.022488755622188907
0 0.3 0.9490254872563718 0.048 0.022488755622188907
0 0.1 0.9535232383808095 0.064 0.035982008995502246
0 0.1 0.9535232383808095 0.058666666666666666 0.031484257871064465
0 0.1 0.9535232383808095 0.058666666666666666 0.031484257871064465
0 0.1 0.9505247376311844 0.005333333333333333 0.0029985007496251873
0 0.08666666666666667 0.9505247376311844 0.005333333333333333 0.0029985007496251873
0 0.11333333333333333 0.9505247376311844 0.005333333333333333 0.0029985007496251873
0 0.10133333333333333 0.9846326836581709 0.050666666666666665 0.01424287856071964
0 0.6993333333333334 0.9853823088455772 0.07866666666666666 0.01424287856071964
0 0.5006666666666667 0.9850074962518741 0.052 0.014992503748125937
0 0.30133333333333334 0.9831334332833583 0.06666666666666667 0.011244377811094454
0 0.9006666666666666 0.9850074962518741 0.025333333333333333 0.014992503748125937