0 0.02 0.5419790104947526 0.04 0.06746626686656672
0 0.02 0.4947526236881559 0.04 0.239880059970015
0 0.49866666666666665 0.06371814092953523 0.43466666666666665 0.041979010494752625
0 0.5 0.5007496251874063 1.0 0.9985007496251874
0 0.494 0.16116941529235382 0.8573333333333333 0.026986506746626688
0 0.5 0.04760119940029985 1.0 0.0952023988005997
0 0.5 0.1184407796101949 1.0 0.05847076461769116
0 0.5 0.9763868065967016 1.0 0.0472263868065967
0 0.052 0.06371814092953523 0.02666666666666667 0.025487256371814093
0 0.116 0.06446776611694154 0.08 0.022488755622188907
0 0.49933333333333335 0.06221889055472264 0.284 0.025487256371814093
0 0.5 0.01424287856071964 1.0 0.029985007496251874
0 0.95 0.01461769115442279 0.06 0.01424287856071964
0 0.95 0.01461769115442279 0.05466666666666667 0.011244377811094454
0 0.9833333333333333 0.01461769115442279 0.004 0.005247376311844078
0 0.8646666666666667 0.01461769115442279 0.07866666666666666 0.01424287856071964
1 0.13466666666666666 0.01424287856071964 0.032 0.013493253373313344
2 0.13466666666666666 0.01424287856071964 0.032 0.013493253373313344
2 0.13466666666666666 0.01424287856071964 0.032 0.013493253373313344
0 0.024666666666666667 0.01461769115442279 0.014666666666666666 0.008245877061469266
0 0.043333333333333335 0.01461769115442279 0.014666666666666666 0.008245877061469266
0 0.062 0.01461769115442279 0.014666666666666666 0.008245877061469266
0 0.08066666666666666 0.01461769115442279 0.014666666666666666 0.008245877061469266
0 0.09933333333333333 0.01461769115442279 0.014666666666666666 0.008245877061469266
0 0.49933333333333335 0.01686656671664168 0.12933333333333333 0.017241379310344827
0 0.9173333333333333 0.06221889055472264 0.08533333333333333 0.029985007496251874
0 0.2826666666666667 0.22151424287856072 0.43466666666666665 0.0937031484257871
0 0.3373333333333333 0.2143928035982009 0.13066666666666665 0.0239880059970015
0 0.5 0.8590704647676162 1.0 0.2818590704647676
0 0.5 0.8178410794602698 0.9066666666666666 0.22038980509745126
0 0.5006666666666667 0.7859820089955023 0.5373333333333333 0.018740629685157422
0 0.49933333333333335 0.7496251874062968 0.596 0.022488755622188907
0 0.49933333333333335 0.8519490254872564 0.19866666666666666 0.021739130434782608
0 0.16533333333333333 0.2143928035982009 0.14133333333333334 0.07946026986506746
0 0.5026666666666667 0.5134932533733133 0.10666666666666667 0.05997001499250375
0 0.07066666666666667 0.21101949025487257 0.048 0.027736131934032984
0 0.25333333333333335 0.21926536731634183 0.034666666666666665 0.06221889055472264
0 0.5 0.8515742128935532 0.7306666666666667 0.0734632683658171
0 0.023333333333333334 0.4790104947526237 0.04666666666666667 0.671664167916042
0 0.9766666666666667 0.4790104947526237 0.04666666666666667 0.671664167916042