0 0.49953703703703706 0.07604166666666666 0.9990740740740741 0.075
0 0.9268518518518518 0.07604166666666666 0.06666666666666667 0.0375
0 0.9273148148148148 0.07604166666666666 0.05648148148148148 0.030208333333333334
0 0.9273148148148148 0.07604166666666666 0.05648148148148148 0.030208333333333334
0 0.9273148148148148 0.07604166666666666 0.05648148148148148 0.030208333333333334
0 0.13425925925925927 0.07630208333333334 0.001851851851851852 0.034895833333333334
0 0.2439814814814815 0.07473958333333333 0.19722222222222222 0.0328125
0 0.2763888888888889 0.07473958333333333 0.18981481481481483 0.025520833333333333
0 0.06666666666666667 0.07604166666666666 0.044444444444444446 0.025
0 0.06666666666666667 0.07604166666666666 0.044444444444444446 0.025
0 0.06666666666666667 0.07604166666666666 0.044444444444444446 0.025
0 0.5 0.019270833333333334 1.0 0.03854166666666667
0 0.9236111111111112 0.018229166666666668 0.08796296296296297 0.016666666666666666
0 0.8467592592592592 0.019270833333333334 0.049074074074074076 0.015625
0 0.8467592592592592 0.019270833333333334 0.03796296296296296 0.009375
0 0.8212962962962963 0.019270833333333334 0.007407407407407408 0.007291666666666667
1 0.7796296296296297 0.019270833333333334 0.044444444444444446 0.017708333333333333
2 0.7796296296296297 0.019270833333333334 0.044444444444444446 0.017708333333333333
2 0.7796296296296297 0.019270833333333334 0.044444444444444446 0.017708333333333333
2 0.7796296296296297 0.019270833333333334 0.044444444444444446 0.017708333333333333
2 0.7796296296296297 0.019270833333333334 0.044444444444444446 0.017708333333333333
0 0.5 0.07604166666666666 1.0 0.075
0 0.500462962962963 0.11380208333333333 1.000925925925926 0.0005208333333333333
0 0.9277777777777778 0.07604166666666666 0.06666666666666667 0.0375
0 0.2828703703703704 0.07421875 0.2175925925925926 0.0234375
0 0.9166666666666666 0.07395833333333333 0.08888888888888889 0.030208333333333334
0 0.9277777777777778 0.07604166666666666 0.06666666666666667 0.0375
0 0.1361111111111111 0.0765625 0.001851851851851852 0.0375
0 0.06898148148148148 0.07682291666666667 0.04351851851851852 0.025520833333333333
0 0.06898148148148148 0.07682291666666667 0.04351851851851852 0.025520833333333333
0 0.06898148148148148 0.07682291666666667 0.04351851851851852 0.025520833333333333
0 0.9277777777777778 0.07291666666666667 0.05555555555555555 0.03125
0 0.9337962962962963 0.07317708333333334 0.04351851851851852 0.024479166666666666
0 0.9337962962962963 0.07317708333333334 0.04351851851851852 0.024479166666666666
0 0.5 0.16354166666666667 1.0 0.1
0 0.5 0.16354166666666667 1.0 0.1
0 0.27175925925925926 0.16614583333333333 0.1287037037037037 0.022916666666666665
0 0.10555555555555556 0.16354166666666667 0.13333333333333333 0.075
0 0.5 0.2630208333333333 1.0 0.1
0 0.5 0.2630208333333333 1.0 0.1
0 0.25 0.26536458333333335 0.08518518518518518 0.0234375
0 0.10555555555555556 0.2630208333333333 0.13333333333333333 0.075
0 0.5 0.3625 1.0 0.1
0 0.24953703703703703 0.3651041666666667 0.08611111111111111 0.023958333333333335
0 0.10555555555555556 0.3625 0.13333333333333333 0.075
0 0.5 0.46197916666666666 1.0 0.1
0 0.5 0.46197916666666666 1.0 0.1
0 0.25 0.46432291666666664 0.08518518518518518 0.0234375
0 0.10555555555555556 0.46197916666666666 0.13333333333333333 0.075
0 0.5 0.5614583333333333 1.0 0.1
0 0.5 0.5614583333333333 1.0 0.1
0 0.24953703703703703 0.5638020833333334 0.08425925925925926 0.0234375
0 0.10555555555555556 0.5614583333333333 0.13333333333333333 0.075
0 0.5 0.6609375 1.0 0.1
0 0.5 0.6609375 1.0 0.1
0 0.25 0.66328125 0.08518518518518518 0.0234375
0 0.10555555555555556 0.6609375 0.13333333333333333 0.075
0 0.5 0.8598958333333333 1.0 0.1
0 0.5 0.8598958333333333 1.0 0.1
0 0.25 0.8622395833333333 0.08518518518518518 0.0234375
0 0.10555555555555556 0.8598958333333333 0.13333333333333333 0.075
0 0.5 0.7604166666666666 1.0 0.1
0 0.5 0.7604166666666666 1.0 0.1
0 0.3388888888888889 0.7627604166666667 0.26481481481481484 0.0234375
0 0.10555555555555556 0.7604166666666666 0.13333333333333333 0.075
0 0.5 0.9546875 1.0 0.090625
0 0.5 0.9546875 1.0 0.090625
0 0.3388888888888889 0.96171875 0.26481481481481484 0.0234375
0 0.10555555555555556 0.959375 0.13333333333333333 0.075
0 0.10277777777777777 0.5239583333333333 0.20555555555555555 0.509375
0 0.10277777777777777 0.5239583333333333 0.20555555555555555 0.509375
0 0.10277777777777777 0.5239583333333333 0.20555555555555555 0.509375
0 0.10277777777777777 0.5239583333333333 0.20555555555555555 0.509375
0 0.10277777777777777 0.5239583333333333 0.20555555555555555 0.509375
0 0.10277777777777777 0.5239583333333333 0.20555555555555555 0.509375
0 0.41944444444444445 0.16458333333333333 0.12222222222222222 0.022916666666666665
0 0.375 0.1640625 0.020370370370370372 0.015625
0 0.38796296296296295 0.16953125 0.011111111111111112 0.0067708333333333336
0 0.4388888888888889 0.16458333333333333 0.07777777777777778 0.019791666666666666
0 0.4388888888888889 0.16380208333333332 0.07037037037037037 0.013020833333333334
0 0.375 0.2640625 0.12222222222222222 0.022916666666666665
0 0.33055555555555555 0.2635416666666667 0.020370370370370372 0.015625
0 0.3435185185185185 0.26901041666666664 0.011111111111111112 0.0067708333333333336
0 0.39444444444444443 0.2640625 0.07777777777777778 0.019791666666666666
0 0.39444444444444443 0.26328125 0.07037037037037037 0.013020833333333334