0 0.5 0.4264705882352941 1.0 0.8529411764705882
0 0.5 0.8804347826086957 1.0 0.2391304347826087
0 0.10666666666666667 0.7487212276214834 0.128 0.016624040920716114
0 0.15466666666666667 0.887468030690537 0.224 0.2020460358056266
0 0.48133333333333334 0.8407928388746803 0.3546666666666667 0.10869565217391304
0 0.5 0.04156010230179028 1.0 0.08312020460358056
0 0.5 0.015345268542199489 1.0 0.030690537084398978
1 0.06266666666666666 0.014705882352941176 0.09866666666666667 0.008951406649616368
2 0.06266666666666666 0.014705882352941176 0.09866666666666667 0.008951406649616368
2 0.06266666666666666 0.014705882352941176 0.09866666666666667 0.008951406649616368
2 0.06266666666666666 0.014705882352941176 0.09866666666666667 0.008951406649616368
2 0.06266666666666666 0.014705882352941176 0.09866666666666667 0.008951406649616368
2 0.06266666666666666 0.014705882352941176 0.09866666666666667 0.008951406649616368
2 0.06266666666666666 0.014705882352941176 0.09866666666666667 0.008951406649616368
1 0.27066666666666667 0.014705882352941176 0.04 0.014066496163682864
2 0.27066666666666667 0.014705882352941176 0.04 0.014066496163682864
2 0.27066666666666667 0.014705882352941176 0.04 0.014066496163682864
0 0.5 0.016624040920716114 0.12533333333333332 0.01278772378516624
0 0.18266666666666667 0.014066496163682864 0.10933333333333334 0.01278772378516624
0 0.8546666666666667 0.013427109974424553 0.088 0.014066496163682864
1 0.9506666666666667 0.013427109974424553 0.072 0.014066496163682864
2 0.9506666666666667 0.013427109974424553 0.072 0.014066496163682864
2 0.9506666666666667 0.013427109974424553 0.072 0.014066496163682864
2 0.9506666666666667 0.013427109974424553 0.072 0.014066496163682864
0 0.5026666666666667 0.05370843989769821 0.22666666666666666 0.020460358056265986
0 0.6453333333333333 0.05434782608695652 0.037333333333333336 0.011508951406649617
0 0.072 0.05370843989769821 0.08 0.03836317135549872
0 0.06933333333333333 0.05370843989769821 0.048 0.023017902813299233
0 0.06933333333333333 0.05370843989769821 0.048 0.023017902813299233
0 0.07066666666666667 0.05370843989769821 0.029333333333333333 0.02557544757033248
0 0.5 0.5728900255754475 1.0 0.27877237851662406
0 0.20133333333333334 0.42135549872122763 0.31733333333333336 0.016624040920716114
0 0.9466666666666667 0.42071611253196933 0.016 0.015345268542199489
0 0.864 0.42135549872122763 0.128 0.016624040920716114
0 0.15466666666666667 0.5741687979539642 0.224 0.23273657289002558
0 0.476 0.5108695652173914 0.3546666666666667 0.10869565217391304
0 0.5 0.3069053708439898 1.0 0.15601023017902813
0 0.136 0.3075447570332481 0.18666666666666668 0.11125319693094629
0 0.43866666666666665 0.3062659846547315 0.3546666666666667 0.10869565217391304
0 0.15466666666666667 0.21675191815856779 0.224 0.016624040920716114
0 0.5 0.13107416879795397 1.0 0.09846547314578005
0 0.5 0.11125319693094629 1.0 0.056265984654731455
0 0.25866666666666666 0.11381074168797954 0.432 0.020460358056265986
0 0.184 0.15089514066496162 0.2826666666666667 0.017902813299232736
0 0.9773333333333334 0.41048593350383633 0.024 0.010230179028132993
0 0.9773333333333334 0.4187979539641944 0.04533333333333334 0.0012787723785166241
0 0.02 0.41048593350383633 0.024 0.010230179028132993
0 0.02266666666666667 0.4187979539641944 0.04533333333333334 0.0012787723785166241
0 0.02 0.30818414322250637 0.024 0.010230179028132993
0 0.02266666666666667 0.31649616368286443 0.04533333333333334 0.0012787723785166241
0 0.02 0.10358056265984655 0.024 0.010230179028132993
0 0.02266666666666667 0.1118925831202046 0.04533333333333334 0.0012787723785166241
0 0.9306666666666666 0.4117647058823529 0.021333333333333333 0.010230179028132993
0 0.9306666666666666 0.420076726342711 0.016 0.0012787723785166241
0 0.6573333333333333 0.7365728900255755 0.034666666666666665 0.010230179028132993
0 0.632 0.7365728900255755 0.005333333333333333 0.05370843989769821
0 0.02266666666666667 0.8286445012787724 0.024 0.010230179028132993
0 0.024 0.8369565217391305 0.048 0.0012787723785166241
0 0.972 0.8286445012787724 0.024 0.010230179028132993
0 0.9733333333333334 0.8369565217391305 0.048 0.0012787723785166241
0 0.104 0.7762148337595908 0.021333333333333333 0.010230179028132993
0 0.084 0.7762148337595908 0.0026666666666666666 0.017902813299232736
0 0.104 0.7007672634271099 0.021333333333333333 0.010230179028132993
0 0.084 0.7007672634271099 0.0026666666666666666 0.017902813299232736
0 0.088 0.44501278772378516 0.021333333333333333 0.010230179028132993
0 0.068 0.44501278772378516 0.0026666666666666666 0.017902813299232736
0 0.2826666666666667 0.8746803069053708 0.021333333333333333 0.010230179028132993
0 0.2853333333333333 0.8829923273657289 0.037333333333333336 0.0012787723785166241
0 0.13066666666666665 0.07225063938618925 0.144 0.0319693094629156
0 0.12266666666666666 0.07161125319693094 0.10133333333333333 0.023017902813299233
0 0.07466666666666667 0.08823529411764706 0.02666666666666667 0.05115089514066496
0 0.37066666666666664 0.07225063938618925 0.144 0.0319693094629156
0 0.3626666666666667 0.07161125319693094 0.10133333333333333 0.023017902813299233
0 0.31466666666666665 0.08823529411764706 0.02666666666666667 0.05115089514066496
0 0.15733333333333333 0.18478260869565216 0.144 0.0319693094629156
0 0.14933333333333335 0.18414322250639387 0.10133333333333333 0.023017902813299233
0 0.08266666666666667 0.16879795396419436 0.02666666666666667 0.03836317135549872
0 0.38666666666666666 0.18350383631713554 0.144 0.0319693094629156
0 0.37866666666666665 0.18286445012787725 0.10133333333333333 0.023017902813299233
0 0.312 0.1694373401534527 0.02666666666666667 0.03964194373401535
0 0.15733333333333333 0.5939897698209718 0.144 0.0319693094629156
0 0.14933333333333335 0.5933503836317136 0.10133333333333333 0.023017902813299233
0 0.08266666666666667 0.578005115089514 0.02666666666666667 0.03836317135549872
0 0.21066666666666667 0.4571611253196931 0.144 0.0319693094629156
0 0.20266666666666666 0.45652173913043476 0.10133333333333333 0.023017902813299233
0 0.136 0.4411764705882353 0.02666666666666667 0.03836317135549872
0 0.928 0.4571611253196931 0.144 0.0319693094629156
0 0.92 0.45652173913043476 0.10133333333333333 0.023017902813299233
0 0.8533333333333334 0.4411764705882353 0.02666666666666667 0.03836317135549872
0 0.44 0.5927109974424553 0.144 0.0319693094629156
0 0.432 0.592071611253197 0.10133333333333333 0.023017902813299233
0 0.36533333333333334 0.5786445012787724 0.02666666666666667 0.03964194373401535
0 0.52 0.3881074168797954 0.144 0.0319693094629156
0 0.512 0.3874680306905371 0.10133333333333333 0.023017902813299233
0 0.44533333333333336 0.37404092071611256 0.02666666666666667 0.03964194373401535
0 0.8373333333333334 0.5556265984654731 0.26666666666666666 0.0319693094629156
0 0.82 0.5569053708439897 0.21066666666666667 0.011508951406649617
0 0.7173333333333334 0.5792838874680307 0.02666666666666667 0.05115089514066496
0 0.45066666666666666 0.7039641943734015 0.26666666666666666 0.0319693094629156
0 0.43333333333333335 0.7039641943734015 0.21066666666666667 0.011508951406649617
0 0.33066666666666666 0.7263427109974424 0.02666666666666667 0.05115089514066496
0 0.8253333333333334 0.6694373401534527 0.10933333333333334 0.0319693094629156
0 0.82 0.670076726342711 0.072 0.023017902813299233
0 0.7866666666666666 0.6867007672634271 0.02666666666666667 0.05115089514066496