0 0.5 0.18642857142857142 1.0 0.37285714285714283
1 0.11333333333333333 0.11 0.034666666666666665 0.014285714285714285
2 0.11333333333333333 0.11 0.034666666666666665 0.014285714285714285
2 0.11333333333333333 0.11 0.034666666666666665 0.014285714285714285
0 0.21066666666666667 0.11119047619047619 0.136 0.011904761904761904
0 0.5173333333333333 0.11119047619047619 0.136 0.011904761904761904
1 0.4186666666666667 0.11142857142857143 0.034666666666666665 0.014285714285714285
2 0.4186666666666667 0.11142857142857143 0.034666666666666665 0.014285714285714285
2 0.4186666666666667 0.11142857142857143 0.034666666666666665 0.014285714285714285
0 0.834 0.11023809523809523 0.13466666666666666 0.011904761904761904
0 0.7353333333333333 0.11428571428571428 0.03866666666666667 0.006666666666666667
1 0.7353333333333333 0.10857142857142857 0.03333333333333333 0.010476190476190476
2 0.7353333333333333 0.10857142857142857 0.03333333333333333 0.010476190476190476
0 0.498 0.04 0.092 0.01619047619047619
0 0.02266666666666667 0.009761904761904762 0.016 0.006190476190476191
0 0.04133333333333333 0.009761904761904762 0.016 0.006190476190476191
0 0.06 0.009761904761904762 0.016 0.006190476190476191
0 0.07866666666666666 0.009761904761904762 0.016 0.006190476190476191
0 0.07866666666666666 0.009761904761904762 0.016 0.006190476190476191
0 0.09733333333333333 0.009761904761904762 0.016 0.006190476190476191
0 0.09733333333333333 0.009761904761904762 0.016 0.006190476190476191
1 0.13333333333333333 0.009523809523809525 0.032 0.009523809523809525
2 0.13333333333333333 0.009523809523809525 0.032 0.009523809523809525
2 0.13333333333333333 0.009523809523809525 0.032 0.009523809523809525
0 0.5 0.008571428571428572 0.10933333333333334 0.008571428571428572
0 0.948 0.009761904761904762 0.06133333333333333 0.01
0 0.948 0.009761904761904762 0.06133333333333333 0.01
0 0.952 0.009761904761904762 0.064 0.008095238095238095
0 0.952 0.009761904761904762 0.064 0.008095238095238095
1 0.9373333333333334 0.04 0.050666666666666665 0.017142857142857144
2 0.9373333333333334 0.04 0.050666666666666665 0.017142857142857144
2 0.9373333333333334 0.04 0.050666666666666665 0.017142857142857144
0 0.49866666666666665 0.09071428571428572 0.44 0.04047619047619048
0 0.5013333333333333 0.24857142857142858 0.9413333333333334 0.22952380952380952
0 0.5393333333333333 0.33595238095238095 0.5266666666666666 0.04523809523809524
0 0.528 0.3376190476190476 0.5333333333333333 0.0419047619047619
0 0.6033333333333334 0.3395238095238095 0.708 0.0380952380952381
0 0.5993333333333334 0.3416666666666667 0.7186666666666667 0.03380952380952381
0 0.592 0.3435714285714286 0.7333333333333333 0.03
0 0.5826666666666667 0.34523809523809523 0.752 0.02666666666666667
0 0.576 0.3473809523809524 0.7653333333333333 0.02238095238095238
0 0.566 0.3495238095238095 0.7853333333333333 0.018095238095238095
0 0.5326666666666666 0.3497619047619048 0.852 0.017619047619047618
0 0.5013333333333333 0.3485714285714286 0.9146666666666666 0.02
0 0.5013333333333333 0.3476190476190476 0.9146666666666666 0.021904761904761906
0 0.5013333333333333 0.3464285714285714 0.9146666666666666 0.024285714285714285
0 0.5013333333333333 0.3454761904761905 0.9146666666666666 0.02619047619047619
0 0.5013333333333333 0.3442857142857143 0.9146666666666666 0.02857142857142857
0 0.5013333333333333 0.34285714285714286 0.9146666666666666 0.03142857142857143
0 0.5013333333333333 0.3416666666666667 0.9146666666666666 0.03380952380952381
0 0.5013333333333333 0.3407142857142857 0.9146666666666666 0.03571428571428571
0 0.5013333333333333 0.3395238095238095 0.9146666666666666 0.0380952380952381
0 0.5013333333333333 0.33785714285714286 0.9146666666666666 0.041428571428571426
0 0.5013333333333333 0.33690476190476193 0.9146666666666666 0.043333333333333335
0 0.5013333333333333 0.3357142857142857 0.9146666666666666 0.045714285714285714
0 0.5006666666666667 0.33476190476190476 0.9133333333333333 0.047619047619047616
0 0.502 0.32476190476190475 0.7666666666666667 0.0380952380952381
0 0.5006666666666667 0.32476190476190475 0.14266666666666666 0.01619047619047619
0 0.7546666666666667 0.2730952380952381 0.17333333333333334 0.011904761904761904
0 0.748 0.2419047619047619 0.096 0.03428571428571429
0 0.7433333333333333 0.24095238095238095 0.017333333333333333 0.015238095238095238
0 0.5053333333333333 0.2730952380952381 0.136 0.011904761904761904
0 0.5 0.24142857142857144 0.096 0.03428571428571429
0 0.5 0.24142857142857144 0.05333333333333334 0.01904761904761905
0 0.5 0.24142857142857144 0.05333333333333334 0.01904761904761905
0 0.24266666666666667 0.2730952380952381 0.17333333333333334 0.011904761904761904
0 0.248 0.24142857142857144 0.096 0.03428571428571429
0 0.248 0.24142857142857144 0.05333333333333334 0.01904761904761905
0 0.248 0.24142857142857144 0.05333333333333334 0.01904761904761905
0 0.7 0.23595238095238094 0.7653333333333333 0.18047619047619048
0 0.368 0.22523809523809524 0.7093333333333334 0.15904761904761905
0 0.12733333333333333 0.18857142857142858 0.19333333333333333 0.03142857142857143
0 0.118 0.18476190476190477 0.12933333333333333 0.014285714285714285
0 0.73 0.3283333333333333 1.364 0.08428571428571428
0 0.724 0.32857142857142857 1.352 0.07714285714285714
0 0.72 0.32857142857142857 1.344 0.07047619047619047
0 0.714 0.3295238095238095 1.3346666666666667 0.06476190476190476
0 0.7113333333333334 0.3304761904761905 1.3266666666666667 0.06
0 0.7026666666666667 0.3319047619047619 1.3173333333333332 0.05523809523809524
0 0.6993333333333334 0.3354761904761905 1.308 0.05476190476190476
0 0.694 0.33904761904761904 1.3 0.054285714285714284
0 0.6913333333333334 0.3407142857142857 1.2946666666666666 0.05476190476190476
0 0.6853333333333333 0.3411904761904762 1.2853333333333334 0.060476190476190475
0 0.6813333333333333 0.3416666666666667 1.2773333333333334 0.06523809523809523
0 0.6773333333333333 0.3419047619047619 1.272 0.07142857142857142
0 0.6713333333333333 0.3426190476190476 1.2626666666666666 0.07666666666666666
0 0.6686666666666666 0.3426190476190476 1.2573333333333334 0.08238095238095237
0 0.6613333333333333 0.3423809523809524 1.248 0.08761904761904762
0 0.6566666666666666 0.34285714285714286 1.2413333333333334 0.09333333333333334
0 0.648 0.3433333333333333 1.232 0.0980952380952381
0 0.6446666666666667 0.3433333333333333 1.2253333333333334 0.10380952380952381
0 0.6386666666666667 0.3430952380952381 1.2186666666666666 0.10904761904761905
0 0.6353333333333333 0.3438095238095238 1.212 0.11523809523809524
0 0.6293333333333333 0.34404761904761905 1.2026666666666668 0.12047619047619047
0 0.6253333333333333 0.3445238095238095 1.1973333333333334 0.1261904761904762
0 0.48533333333333334 0.1661904761904762 0.616 0.01904761904761905
0 0.48733333333333334 0.1957142857142857 0.49733333333333335 0.013333333333333334
0 0.144 0.39595238095238094 0.2 0.017619047619047618
0 0.9193333333333333 0.3980952380952381 0.07066666666666667 0.012380952380952381
0 0.9166666666666666 0.5657142857142857 0.07066666666666667 0.012380952380952381
0 0.17 0.5654761904761905 0.252 0.017619047619047618
0 0.5 0.4714285714285714 0.912 0.10571428571428572
0 0.5206666666666667 0.45880952380952383 0.32133333333333336 0.01380952380952381
0 0.49533333333333335 0.485 0.27066666666666667 0.011904761904761904
0 0.196 0.4683333333333333 0.24266666666666667 0.07952380952380952
0 0.5 0.724047619047619 0.9146666666666666 0.2633333333333333
0 0.5 0.6607142857142857 0.9146666666666666 0.13666666666666666
0 0.5 0.6607142857142857 0.9146666666666666 0.13666666666666666
0 0.5 0.6607142857142857 0.9146666666666666 0.13666666666666666
0 0.5006666666666667 0.7035714285714286 0.9133333333333333 0.05
0 0.172 0.5533333333333333 0.25866666666666666 0.021904761904761906
0 0.128 0.76 0.10666666666666667 0.0380952380952381
0 0.128 0.7592857142857142 0.10666666666666667 0.03666666666666667
0 0.128 0.76 0.10666666666666667 0.0380952380952381
0 0.17066666666666666 0.7640476190476191 0.192 0.04619047619047619
0 0.128 0.8233333333333334 0.10666666666666667 0.0380952380952381
0 0.128 0.8233333333333334 0.10666666666666667 0.0380952380952381
0 0.4 0.835 0.37066666666666664 0.011904761904761904
0 0.5586666666666666 0.8130952380952381 0.688 0.015714285714285715
0 0.4013333333333333 0.7707142857142857 0.37333333333333335 0.011904761904761904
0 0.5566666666666666 0.7502380952380953 0.684 0.015714285714285715
0 0.49133333333333334 0.7911904761904762 0.828 0.0004761904761904762
0 0.41 0.7085714285714285 0.6653333333333333 0.017142857142857144
0 0.41533333333333333 0.8940476190476191 0.044 0.01380952380952381
0 0.41533333333333333 0.8876190476190476 0.030666666666666665 0.006666666666666667
0 0.498 0.8926190476190476 0.017333333333333333 0.01380952380952381
0 0.498 0.8926190476190476 0.017333333333333333 0.01380952380952381
0 0.498 0.8926190476190476 0.017333333333333333 0.01380952380952381
0 0.498 0.8926190476190476 0.017333333333333333 0.01380952380952381
0 0.498 0.8926190476190476 0.017333333333333333 0.01380952380952381
0 0.5153333333333333 0.8928571428571429 0.02266666666666667 0.013333333333333334
0 0.5153333333333333 0.8883333333333333 0.006666666666666667 0.005238095238095238
0 0.588 0.8885714285714286 0.037333333333333336 0.0038095238095238095
0 0.588 0.8869047619047619 0.005333333333333333 0.002380952380952381
0 0.588 0.8892857142857142 0.02666666666666667 0.0014285714285714286
0 0.588 0.8919047619047619 0.02666666666666667 0.0038095238095238095
0 0.588 0.8919047619047619 0.02666666666666667 0.0038095238095238095
0 0.588 0.8966666666666666 0.032 0.005714285714285714
0 0.588 0.8966666666666666 0.032 0.005714285714285714
0 0.588 0.8966666666666666 0.032 0.005714285714285714
0 0.588 0.8966666666666666 0.032 0.005714285714285714
0 0.588 0.8966666666666666 0.032 0.005714285714285714
0 0.4573333333333333 0.8926190476190476 0.018666666666666668 0.01380952380952381
0 0.4573333333333333 0.8926190476190476 0.018666666666666668 0.01380952380952381
0 0.4573333333333333 0.8926190476190476 0.018666666666666668 0.01380952380952381
0 0.4573333333333333 0.8926190476190476 0.018666666666666668 0.01380952380952381
0 0.4573333333333333 0.8926190476190476 0.018666666666666668 0.01380952380952381
0 0.47533333333333333 0.8928571428571429 0.02266666666666667 0.013333333333333334
0 0.47533333333333333 0.8928571428571429 0.02266666666666667 0.013333333333333334
0 0.47533333333333333 0.8928571428571429 0.02266666666666667 0.013333333333333334
0 0.5573333333333333 0.8878571428571429 0.018666666666666668 0.0014285714285714286
0 0.5573333333333333 0.8926190476190476 0.013333333333333334 0.01380952380952381
0 0.544 0.8978571428571429 0.008 0.0033333333333333335
0 0.5353333333333333 0.8940476190476191 0.009333333333333334 0.010952380952380953
0 0.5353333333333333 0.8940476190476191 0.009333333333333334 0.010952380952380953
0 0.5386666666666666 0.8907142857142857 0.016 0.009047619047619047
0 0.5546666666666666 0.8926190476190476 0.018666666666666668 0.01
0 0.49 0.9145238095238095 0.732 0.010952380952380953
0 0.872 0.92 0.013333333333333334 0.008571428571428572
0 0.5 0.9761904761904762 1.0 0.047619047619047616
0 0.49933333333333335 0.9764285714285714 0.9986666666666667 0.047142857142857146