0 0.5 0.5 1.0 1.0
0 0.8125937031484258 0.5 0.3748125937031484 1.0
0 0.8125937031484258 0.33266666666666667 0.017991004497751123 0.014666666666666666
0 0.8125937031484258 0.33266666666666667 0.017991004497751123 0.014666666666666666
0 0.9242878560719641 0.454 0.0704647676161919 0.030666666666666665
0 0.7016491754122939 0.454 0.06146926536731634 0.030666666666666665
0 0.8129685157421289 0.21933333333333332 0.05172413793103448 0.030666666666666665
0 0.9231634182908546 0.21933333333333332 0.03523238380809595 0.030666666666666665
0 0.7016491754122939 0.21933333333333332 0.035982008995502246 0.030666666666666665
0 0.8129685157421289 0.45466666666666666 0.02623688155922039 0.02666666666666667
0 0.7016491754122939 0.11733333333333333 0.06596701649175413 0.11733333333333333
0 0.6960269865067467 0.10933333333333334 0.023238380809595203 0.037333333333333336
0 0.6900299850074962 0.10866666666666666 0.011244377811094454 0.036
0 0.6960269865067467 0.10866666666666666 0.024737631184407798 0.03866666666666667
0 0.6960269865067467 0.10866666666666666 0.024737631184407798 0.03866666666666667
0 0.7008995502248876 0.10533333333333333 0.004497751124437781 0.008
0 0.6926536731634183 0.10533333333333333 0.004497751124437781 0.008
0 0.7083958020989505 0.12733333333333333 0.020989505247376312 0.036
0 0.704272863568216 0.126 0.012743628185907047 0.03333333333333333
0 0.7083958020989505 0.12666666666666668 0.022488755622188907 0.037333333333333336
0 0.7035232383808095 0.122 0.0037481259370314842 0.006666666666666667
0 0.7110194902548725 0.122 0.0037481259370314842 0.006666666666666667
0 0.7008995502248876 0.104 0.005997001499250375 0.010666666666666666
0 0.6926536731634183 0.104 0.005997001499250375 0.010666666666666666
0 0.7016491754122939 0.11733333333333333 0.034482758620689655 0.058666666666666666
0 0.7031484257871065 0.12266666666666666 0.005997001499250375 0.010666666666666666
0 0.7106446776611695 0.12266666666666666 0.005997001499250375 0.010666666666666666
0 0.9235382308845578 0.352 0.06596701649175413 0.11733333333333333
0 0.9235382308845578 0.352 0.025487256371814093 0.048
0 0.9235382308845578 0.352 0.025487256371814093 0.048
0 0.9242878560719641 0.35333333333333333 0.025487256371814093 0.048
0 0.9242878560719641 0.35333333333333333 0.025487256371814093 0.048
0 0.9235382308845578 0.3526666666666667 0.02848575712143928 0.052
0 0.9235382308845578 0.3526666666666667 0.02848575712143928 0.052
0 0.9235382308845578 0.3526666666666667 0.02848575712143928 0.052
0 0.9235382308845578 0.3526666666666667 0.02848575712143928 0.052
0 0.9235382308845578 0.11733333333333333 0.06596701649175413 0.11733333333333333
0 0.9209145427286357 0.12266666666666666 0.027736131934032984 0.04
0 0.9220389805097451 0.12266666666666666 0.026986506746626688 0.04
0 0.9209145427286357 0.12266666666666666 0.03073463268365817 0.04533333333333334
0 0.9209145427286357 0.12266666666666666 0.03073463268365817 0.04533333333333334
0 0.9201649175412294 0.12733333333333333 0.017241379310344827 0.02266666666666667
0 0.9197901049475262 0.12866666666666668 0.01199400299850075 0.017333333333333333
0 0.9201649175412294 0.12666666666666668 0.018740629685157422 0.024
0 0.921664167916042 0.126 0.005247376311844078 0.009333333333333334
0 0.9355322338830585 0.10066666666666667 0.013493253373313344 0.02266666666666667
0 0.9205397301349325 0.12266666666666666 0.02848575712143928 0.042666666666666665
0 0.9325337331334332 0.10466666666666667 0.0074962518740629685 0.012
0 0.8125937031484258 0.11733333333333333 0.06596701649175413 0.11733333333333333
0 0.8137181409295352 0.10066666666666667 0.011244377811094454 0.02
0 0.823088455772114 0.10733333333333334 0.0074962518740629685 0.028
0 0.8219640179910045 0.12 0.011244377811094454 0.018666666666666668
0 0.818215892053973 0.136 0.01424287856071964 0.013333333333333334
0 0.81071964017991 0.13266666666666665 0.009745127436281859 0.017333333333333333
0 0.8024737631184408 0.12533333333333332 0.006746626686656672 0.024
0 0.8039730134932533 0.11333333333333333 0.009745127436281859 0.016
0 0.8069715142428786 0.09933333333333333 0.01424287856071964 0.012
0 0.8125937031484258 0.118 0.03298350824587706 0.05733333333333333
0 0.8069715142428786 0.10466666666666667 0.017241379310344827 0.004
0 0.8133433283358321 0.10266666666666667 0.013493253373313344 0.024
0 0.8189655172413793 0.10866666666666666 0.0022488755622188904 0.03333333333333333
0 0.820839580209895 0.11933333333333333 0.013493253373313344 0.02266666666666667
0 0.8178410794602698 0.13 0.017991004497751123 0.004
0 0.8114692653673163 0.13266666666666665 0.012743628185907047 0.02266666666666667
0 0.8062218890554723 0.12666666666666668 0.0022488755622188904 0.032
0 0.8043478260869565 0.11466666666666667 0.013493253373313344 0.021333333333333333
0 0.802848575712144 0.09733333333333333 0.0029985007496251873 0.005333333333333333
0 0.8122188905547226 0.352 0.06671664167916042 0.11733333333333333
0 0.8122188905547226 0.37466666666666665 0.023238380809595203 0.010666666666666666
0 0.8125937031484258 0.35133333333333333 0.025487256371814093 0.052
0 0.8133433283358321 0.3526666666666667 0.025487256371814093 0.052
0 0.8148425787106447 0.338 0.004497751124437781 0.009333333333333334
0 0.8095952023988006 0.338 0.004497751124437781 0.009333333333333334
0 0.8148425787106447 0.338 0.0029985007496251873 0.004
0 0.8099700149925038 0.338 0.0022488755622188904 0.004
0 0.8122188905547226 0.362 0.015742128935532233 0.017333333333333333
0 0.8122188905547226 0.3506666666666667 0.027736131934032984 0.05333333333333334
0 0.8122188905547226 0.3506666666666667 0.027736131934032984 0.05333333333333334
0 0.8069715142428786 0.3566666666666667 0.006746626686656672 0.014666666666666666
0 0.8122188905547226 0.35133333333333333 0.024737631184407798 0.012
0 0.8122188905547226 0.3453333333333333 0.012743628185907047 0.005333333333333333
0 0.7016491754122939 0.352 0.06596701649175413 0.11733333333333333
0 0.7016491754122939 0.35133333333333333 0.031484257871064465 0.052
0 0.7035232383808095 0.352 0.027736131934032984 0.050666666666666665
0 0.7016491754122939 0.3506666666666667 0.03298350824587706 0.056
0 0.7016491754122939 0.3506666666666667 0.03298350824587706 0.056
0 0.7027736131934033 0.3526666666666667 0.018740629685157422 0.017333333333333333
0 0.7016491754122939 0.5866666666666667 0.06596701649175413 0.11733333333333333
0 0.7016491754122939 0.5866666666666667 0.029985007496251874 0.05333333333333334
1 0.7016491754122939 0.5866666666666667 0.035982008995502246 0.064
0 0.702023988005997 0.5946666666666667 0.015742128935532233 0.013333333333333334
0 0.7023988005997002 0.5853333333333334 0.0029985007496251873 0.029333333333333333
0 0.7023988005997002 0.5853333333333334 0.0029985007496251873 0.029333333333333333
0 0.7016491754122939 0.5866666666666667 0.031484257871064465 0.056
0 0.7016491754122939 0.5866666666666667 0.037481259370314844 0.06666666666666667
0 0.7016491754122939 0.8213333333333334 0.06596701649175413 0.11733333333333333
0 0.702023988005997 0.8266666666666667 0.02623688155922039 0.05333333333333334
0 0.702023988005997 0.8266666666666667 0.02623688155922039 0.05333333333333334
0 0.702023988005997 0.8226666666666667 0.009745127436281859 0.005333333333333333
0 0.7016491754122939 0.8233333333333334 0.0029985007496251873 0.017333333333333333
0 0.7016491754122939 0.8266666666666667 0.035982008995502246 0.064
0 0.9235382308845578 0.5866666666666667 0.06596701649175413 0.11733333333333333
0 0.9235382308845578 0.5866666666666667 0.029985007496251874 0.05333333333333334
0 0.9235382308845578 0.5866666666666667 0.029985007496251874 0.05333333333333334
0 0.9235382308845578 0.5866666666666667 0.029985007496251874 0.05333333333333334
0 0.9235382308845578 0.5866666666666667 0.029985007496251874 0.05333333333333334
0 0.9235382308845578 0.5866666666666667 0.029985007496251874 0.05333333333333334
0 0.9235382308845578 0.586 0.013493253373313344 0.052
0 0.9235382308845578 0.5793333333333334 0.026986506746626688 0.004
0 0.9235382308845578 0.594 0.026986506746626688 0.004
0 0.9235382308845578 0.5866666666666667 0.035982008995502246 0.064
0 0.8125937031484258 0.8213333333333334 0.06596701649175413 0.11733333333333333
0 0.8122188905547226 0.8213333333333334 0.027736131934032984 0.05333333333333334
0 0.8122188905547226 0.8213333333333334 0.027736131934032984 0.05333333333333334
0 0.8125937031484258 0.82 0.0029985007496251873 0.024
0 0.8125937031484258 0.82 0.0029985007496251873 0.024
0 0.8125937031484258 0.82 0.035982008995502246 0.064
0 0.8125937031484258 0.5866666666666667 0.06596701649175413 0.11733333333333333
0 0.8125937031484258 0.5866666666666667 0.029985007496251874 0.05333333333333334
0 0.8125937031484258 0.5866666666666667 0.03298350824587706 0.058666666666666666
0 0.8129685157421289 0.586 0.03073463268365817 0.052
0 0.8129685157421289 0.586 0.03073463268365817 0.052
0 0.8125937031484258 0.5866666666666667 0.035982008995502246 0.064
0 0.7012743628185907 0.9206666666666666 0.03373313343328336 0.030666666666666665
0 0.9235382308845578 0.686 0.034482758620689655 0.030666666666666665
0 0.8125937031484258 0.9206666666666666 0.034482758620689655 0.030666666666666665
0 0.7023988005997002 0.686 0.034482758620689655 0.030666666666666665
0 0.8125937031484258 0.686 0.034482758620689655 0.030666666666666665