0 0.5 0.13026315789473683 1.0 0.26052631578947366
0 0.8777777777777778 0.035526315789473684 0.06111111111111111 0.015789473684210527
0 0.8777777777777778 0.035526315789473684 0.06111111111111111 0.015789473684210527
0 0.9138888888888889 0.035526315789473684 0.005555555555555556 0.005263157894736842
0 0.8777777777777778 0.035526315789473684 0.05 0.010526315789473684
0 0.8111111111111111 0.035526315789473684 0.044444444444444446 0.015789473684210527
0 0.8111111111111111 0.035526315789473684 0.044444444444444446 0.015789473684210527
0 0.8111111111111111 0.035526315789473684 0.044444444444444446 0.015789473684210527
0 0.7527777777777778 0.035526315789473684 0.05 0.015789473684210527
0 0.7527777777777778 0.035526315789473684 0.05 0.015789473684210527
0 0.7527777777777778 0.035526315789473684 0.05 0.015789473684210527
0 0.7527777777777778 0.035526315789473684 0.05 0.015789473684210527
0 0.12361111111111112 0.035526315789473684 0.08055555555555556 0.015789473684210527
0 0.12361111111111112 0.035526315789473684 0.08055555555555556 0.015789473684210527
0 0.12361111111111112 0.035526315789473684 0.08055555555555556 0.015789473684210527
0 0.12361111111111112 0.035526315789473684 0.08055555555555556 0.015789473684210527
0 0.12361111111111112 0.035526315789473684 0.08055555555555556 0.015789473684210527
0 0.12361111111111112 0.035526315789473684 0.08055555555555556 0.015789473684210527
0 0.12361111111111112 0.035526315789473684 0.08055555555555556 0.015789473684210527
1 0.8944444444444445 0.09078947368421053 0.044444444444444446 0.015789473684210527
2 0.8944444444444445 0.07631578947368421 0.027777777777777776 0.007894736842105263
2 0.8944444444444445 0.08223684210526316 0.005555555555555556 0.019736842105263157
1 0.10555555555555556 0.08552631578947369 0.044444444444444446 0.002631578947368421
2 0.09583333333333334 0.08552631578947369 0.025 0.021052631578947368
0 0.5263888888888889 0.20723684210526316 0.09166666666666666 0.011842105263157895
0 0.7916666666666666 0.20723684210526316 0.12222222222222222 0.014473684210526316
0 0.24583333333333332 0.20657894736842106 0.225 0.042105263157894736
0 0.24444444444444444 0.20723684210526316 0.11666666666666667 0.014473684210526316
0 0.24166666666666667 0.14210526315789473 0.23333333333333334 0.031578947368421054
0 0.5 0.7855263157894737 0.8333333333333334 0.3526315789473684
0 0.45694444444444443 0.6980263157894737 0.38055555555555554 0.08289473684210526
0 0.32222222222222224 0.8026315789473685 0.17777777777777778 0.17894736842105263
0 0.5583333333333333 0.7894736842105263 0.4111111111111111 0.23684210526315788
0 0.6763888888888889 0.7611842105263158 0.175 0.18026315789473685
0 0.5125 0.6776315789473685 0.26944444444444443 0.042105263157894736
0 0.5069444444444444 0.7697368421052632 0.19722222222222222 0.031578947368421054
0 0.49722222222222223 0.8052631578947368 0.2 0.013157894736842105
0 0.35 0.9190789473684211 0.03333333333333333 0.011842105263157895
0 0.37916666666666665 0.9203947368421053 0.025 0.011842105263157895
0 0.7958333333333333 0.8414473684210526 0.03611111111111111 0.014473684210526316
0 0.825 0.843421052631579 0.022222222222222223 0.010526315789473684
0 0.6097222222222223 0.6480263157894737 0.03611111111111111 0.014473684210526316
0 0.6361111111111111 0.65 0.022222222222222223 0.010526315789473684
0 0.18611111111111112 0.7197368421052631 0.03888888888888889 0.013157894736842105
0 0.21666666666666667 0.7236842105263158 0.022222222222222223 0.010526315789473684
0 0.5 0.4381578947368421 0.8333333333333334 0.31842105263157894
0 0.2652777777777778 0.3361842105263158 0.10277777777777777 0.019736842105263157
0 0.7944444444444444 0.3368421052631579 0.11666666666666667 0.015789473684210527
0 0.15 0.33421052631578946 0.03888888888888889 0.018421052631578946
0 0.2972222222222222 0.47368421052631576 0.16111111111111112 0.021052631578947368
0 0.7930555555555555 0.4743421052631579 0.11388888888888889 0.014473684210526316
0 0.15 0.47368421052631576 0.03888888888888889 0.018421052631578946
0 0.2611111111111111 0.5421052631578948 0.08888888888888889 0.021052631578947368
0 0.7916666666666666 0.5427631578947368 0.11666666666666667 0.014473684210526316
0 0.15 0.5421052631578948 0.03888888888888889 0.018421052631578946
0 0.32083333333333336 0.4039473684210526 0.20833333333333334 0.018421052631578946
0 0.7861111111111111 0.40657894736842104 0.12222222222222222 0.015789473684210527
0 0.15 0.4039473684210526 0.03888888888888889 0.018421052631578946