0 0.5 0.047976011994003 1.0 0.095952023988006
0 0.6306666666666667 0.03373313343328336 0.06666666666666667 0.03298350824587706
0 0.7013333333333334 0.0074962518740629685 0.04 0.014992503748125937
0 0.5 0.09632683658170915 1.0 0.0007496251874062968
0 0.05333333333333334 0.05922038980509745 0.02666666666666667 0.026986506746626688
0 0.5 0.013118440779610194 0.968 0.020239880059970013
0 0.5 0.5236131934032984 1.0 0.9527736131934033
0 0.5 0.5 1.0 1.0
0 0.5 0.7185157421289355 1.0 0.4205397301349325
0 0.6306666666666667 0.5389805097451275 0.06666666666666667 0.03298350824587706
0 0.7013333333333334 0.5153673163418291 0.04 0.01424287856071964
0 0.49866666666666665 0.5565967016491754 0.224 0.04422788605697151
0 0.5 0.5805847076461769 0.92 0.0007496251874062968
0 0.5 0.6488005997001499 0.92 0.0007496251874062968
0 0.5 0.7177661169415293 0.92 0.0007496251874062968
0 0.5 0.7837331334332833 0.92 0.0007496251874062968
0 0.17 0.613568215892054 0.26 0.020239880059970013
0 0.17 0.6810344827586207 0.26 0.020239880059970013
0 0.15266666666666667 0.7492503748125937 0.22266666666666668 0.020239880059970013
0 0.5 0.9640179910044977 1.0 0.07196401799100449
0 0.5026666666666667 0.9760119940029985 0.04 0.046476761619190406
0 0.5 0.9284107946026986 1.0 0.0007496251874062968