0 0.5 0.32983508245877063 1.0 0.43478260869565216
0 0.502 0.2653673163418291 0.9213333333333333 0.25487256371814093
0 0.14266666666666666 0.46851574212893554 0.2 0.11244377811094453
0 0.14266666666666666 0.46851574212893554 0.2 0.11244377811094453
0 0.38266666666666665 0.46851574212893554 0.2 0.11244377811094453
0 0.38266666666666665 0.46851574212893554 0.2 0.11244377811094453
0 0.6226666666666667 0.46851574212893554 0.2 0.11244377811094453
0 0.6226666666666667 0.46851574212893554 0.2 0.11244377811094453
0 0.6226666666666667 0.46851574212893554 0.2 0.11244377811094453
0 0.8626666666666667 0.46851574212893554 0.2 0.11244377811094453
0 0.862 0.4681409295352324 0.11866666666666667 0.06671664167916042
0 0.862 0.4681409295352324 0.11866666666666667 0.06671664167916042
0 0.5 0.9640179910044977 1.0 0.07196401799100449
0 0.502 0.9636431784107946 0.11066666666666666 0.023238380809595203
0 0.5 0.04760119940029985 1.0 0.0952023988005997
0 0.6306666666666667 0.03298350824587706 0.06666666666666667 0.03298350824587706
0 0.7013333333333334 0.00712143928035982 0.04 0.01424287856071964
0 0.05333333333333334 0.05922038980509745 0.02666666666666667 0.026986506746626688
0 0.49933333333333335 0.07383808095952024 0.12666666666666668 0.05172413793103448
0 0.024 0.012368815592203899 0.016 0.008245877061469266
0 0.042666666666666665 0.012368815592203899 0.016 0.008245877061469266
0 0.06066666666666667 0.012368815592203899 0.017333333333333333 0.008245877061469266
0 0.08 0.012368815592203899 0.016 0.008245877061469266
0 0.09866666666666667 0.012368815592203899 0.016 0.008245877061469266
0 0.16466666666666666 0.012743628185907047 0.09466666666666666 0.013493253373313344
0 0.252 0.012368815592203899 0.032 0.01424287856071964
0 0.252 0.012368815592203899 0.032 0.01424287856071964
0 0.252 0.012368815592203899 0.032 0.01424287856071964
0 0.8133333333333334 0.012368815592203899 0.021333333333333333 0.020239880059970013
0 0.8133333333333334 0.012368815592203899 0.021333333333333333 0.020239880059970013
0 0.8133333333333334 0.012368815592203899 0.021333333333333333 0.020239880059970013
0 0.982 0.012368815592203899 0.004 0.005247376311844078
0 0.9293333333333333 0.012368815592203899 0.016 0.011244377811094454
0 0.9486666666666667 0.012368815592203899 0.06 0.01424287856071964
0 0.8726666666666667 0.012743628185907047 0.06 0.013493253373313344
0 0.492 0.01199400299850075 0.11733333333333333 0.013493253373313344
0 0.456 0.013118440779610194 0.005333333333333333 0.009745127436281859
0 0.5 0.09482758620689655 1.0 0.0007496251874062968
0 0.068 0.41904047976011993 0.05333333333333334 0.029985007496251874
0 0.06733333333333333 0.41904047976011993 0.030666666666666665 0.017991004497751123
0 0.06733333333333333 0.41904047976011993 0.030666666666666665 0.017991004497751123