0 0.5 0.5 1.0 1.0
0 0.5 0.5 1.0 1.0
0 0.5 0.6506746626686657 1.0 0.6986506746626686
0 0.122 0.5044977511244377 0.0013333333333333333 0.2698650674662669
0 0.24733333333333332 0.5044977511244377 0.0013333333333333333 0.2698650674662669
0 0.37266666666666665 0.5044977511244377 0.0013333333333333333 0.2698650674662669
0 0.498 0.5044977511244377 0.0013333333333333333 0.2698650674662669
0 0.6233333333333333 0.5044977511244377 0.0013333333333333333 0.2698650674662669
0 0.7486666666666667 0.5044977511244377 0.0013333333333333333 0.2698650674662669
0 0.874 0.5044977511244377 0.0013333333333333333 0.2698650674662669
0 0.5 0.3691904047976012 1.0 0.0007496251874062968
0 0.5 0.43665667166416794 1.0 0.0007496251874062968
0 0.5 0.5041229385307346 1.0 0.0007496251874062968
0 0.5 0.5715892053973014 1.0 0.0007496251874062968
0 0.5 0.639055472263868 1.0 0.0007496251874062968
0 0.06 0.46851574212893554 0.034666666666666665 0.017991004497751123
0 0.06 0.5382308845577212 0.034666666666666665 0.017991004497751123
0 0.06133333333333333 0.6041979010494752 0.034666666666666665 0.019490254872563718
0 0.182 0.38980509745127434 0.07333333333333333 0.020989505247376312
0 0.30533333333333335 0.38980509745127434 0.034666666666666665 0.0029985007496251873
0 0.43333333333333335 0.3901799100449775 0.034666666666666665 0.01424287856071964
0 0.5586666666666666 0.3901799100449775 0.034666666666666665 0.017241379310344827
0 0.6866666666666666 0.3901799100449775 0.032 0.017241379310344827
0 0.8093333333333333 0.3901799100449775 0.034666666666666665 0.017241379310344827
0 0.9386666666666666 0.38905547226386805 0.034666666666666665 0.019490254872563718
0 0.18 0.4171664167916042 0.021333333333333333 0.017241379310344827
0 0.30533333333333335 0.4160419790104948 0.024 0.01649175412293853
0 0.43533333333333335 0.4164167916041979 0.02 0.017241379310344827
0 0.5586666666666666 0.4164167916041979 0.021333333333333333 0.017241379310344827
0 0.6866666666666666 0.4160419790104948 0.021333333333333333 0.01649175412293853
0 0.8106666666666666 0.4164167916041979 0.021333333333333333 0.017241379310344827
0 0.9386666666666666 0.4164167916041979 0.021333333333333333 0.017241379310344827
0 0.18466666666666667 0.537856071964018 0.124 0.06671664167916042
0 0.5606666666666666 0.6053223388305847 0.124 0.06671664167916042
0 0.9366666666666666 0.537856071964018 0.124 0.06671664167916042
0 0.31 0.47038980509745126 0.124 0.06671664167916042
0 0.31 0.537856071964018 0.124 0.06671664167916042
0 0.43533333333333335 0.537856071964018 0.124 0.06671664167916042
0 0.686 0.537856071964018 0.124 0.06671664167916042
0 0.8113333333333334 0.47038980509745126 0.124 0.06671664167916042
0 0.31 0.47188905547226384 0.07066666666666667 0.020239880059970013
0 0.31 0.5393553223388305 0.07066666666666667 0.020239880059970013
0 0.18533333333333332 0.5389805097451275 0.072 0.019490254872563718
0 0.43533333333333335 0.5393553223388305 0.07066666666666667 0.020239880059970013
0 0.5613333333333334 0.6064467766116941 0.072 0.019490254872563718
0 0.686 0.5393553223388305 0.07066666666666667 0.020239880059970013
0 0.8113333333333334 0.47188905547226384 0.07066666666666667 0.020239880059970013
0 0.9373333333333334 0.5389805097451275 0.072 0.019490254872563718
0 0.5013333333333333 0.7293853073463268 0.28 0.044977511244377814
0 0.504 0.7402548725637181 0.19733333333333333 0.03823088455772114
0 0.18 0.808095952023988 0.28 0.044977511244377814
0 0.18266666666666667 0.8189655172413793 0.19733333333333333 0.03823088455772114
0 0.5 0.808095952023988 0.28 0.044977511244377814
0 0.5026666666666667 0.8189655172413793 0.19733333333333333 0.03823088455772114
0 0.8213333333333334 0.7293853073463268 0.28 0.044977511244377814
0 0.824 0.7402548725637181 0.19733333333333333 0.03823088455772114
0 0.18133333333333335 0.7293853073463268 0.28 0.044977511244377814
0 0.184 0.7402548725637181 0.19733333333333333 0.03823088455772114
0 0.07733333333333334 0.6727886056971514 0.06933333333333333 0.020239880059970013
0 0.5 0.9640179910044977 1.0 0.07196401799100449
0 0.5 0.9771364317841079 0.042666666666666665 0.04572713643178411
0 0.6873333333333334 0.33545727136431785 0.5426666666666666 0.020239880059970013
0 0.078 0.335832083958021 0.06533333333333333 0.019490254872563718