0 0.5 0.5 1.0 1.0
0 0.23466666666666666 0.7631184407796102 0.256 0.14392803598200898
0 0.23466666666666666 0.9295352323838081 0.256 0.1409295352323838
0 0.5333333333333333 0.7631184407796102 0.256 0.14392803598200898
0 0.5333333333333333 0.9295352323838081 0.256 0.1409295352323838
0 0.832 0.7631184407796102 0.256 0.14392803598200898
0 0.832 0.9295352323838081 0.256 0.1409295352323838
0 0.5 0.46851574212893554 1.0 0.0014992503748125937
0 0.5 0.6304347826086957 1.0 0.0014992503748125937
0 0.5013333333333333 0.5494752623688156 0.005333333333333333 0.08545727136431784
0 0.22666666666666666 0.5787106446776612 0.23466666666666666 0.020989505247376312
1 0.13866666666666666 0.5232383808095952 0.064 0.035982008995502246
2 0.13866666666666666 0.5232383808095952 0.064 0.035982008995502246
0 0.724 0.5787106446776612 0.22666666666666666 0.020989505247376312
1 0.644 0.5232383808095952 0.072 0.035982008995502246
2 0.644 0.5232383808095952 0.072 0.035982008995502246
2 0.644 0.5232383808095952 0.072 0.035982008995502246
2 0.644 0.5232383808095952 0.072 0.035982008995502246
2 0.644 0.5232383808095952 0.072 0.035982008995502246
2 0.644 0.5232383808095952 0.072 0.035982008995502246
0 0.68 0.2158920539730135 0.4266666666666667 0.07196401799100449
0 0.68 0.2158920539730135 0.12266666666666666 0.020989505247376312
0 0.23466666666666666 0.2158920539730135 0.256 0.14392803598200898
0 0.30533333333333335 0.34557721139430286 0.38666666666666666 0.02848575712143928
0 0.27466666666666667 0.39355322338830584 0.3253333333333333 0.019490254872563718
0 0.5 0.06296851574212893 1.0 0.06596701649175413
0 0.07066666666666667 0.06296851574212893 0.056 0.0239880059970015
0 0.5 0.014992503748125937 1.0 0.029985007496251874